0.707553 -0.152913 0.058190 -0.363076 0.044440 1.896564 545 362 590 435
0.737417 -0.169567 0.062453 -0.363076 0.046667 1.896566 545 362 590 435
0.756911 -0.228679 0.064286 -0.363076 0.046667 1.896567 545 362 590 435
0.664650 -0.166221 0.063356 -0.363076 0.046667 1.896567 545 363 590 435
0.619678 -0.175278 0.054864 -0.363069 0.046667 1.896566 544 363 590 435
0.598800 -0.243692 0.062368 -0.363069 0.046667 1.896566 544 363 590 435
0.504663 -0.169641 0.056469 -0.352413 0.046667 1.892820 545 362 590 436
0.420841 -0.184840 0.049224 -0.347630 0.046667 1.892497 545 362 591 435
0.401555 -0.247951 0.054963 -0.345180 0.046667 1.883955 545 362 590 435
0.334463 -0.188431 0.051520 -0.344776 0.047685 1.882396 544 363 590 435
0.247010 -0.189798 0.048306 -0.343498 0.050383 1.882396 543 362 588 436
0.237635 -0.233807 0.052973 -0.343214 0.050455 1.882396 542 363 587 437
0.201625 -0.199253 0.049384 -0.343214 0.050455 1.882396 542 363 586 438
0.086541 -0.196513 0.044976 -0.343214 0.054353 1.882396 541 363 585 438
0.115972 -0.254778 0.047990 -0.343214 0.054353 1.882396 542 364 584 438
0.176994 -0.228154 0.051321 -0.345698 0.054353 1.879985 542 363 584 438
0.057139 -0.222729 0.051266 -0.352216 0.054353 1.877939 543 363 584 438
0.112327 -0.277994 0.050644 -0.354525 0.052461 1.877939 543 364 584 438
0.195533 -0.261167 0.053991 -0.354525 0.052410 1.877688 542 364 584 438
0.072993 -0.240726 0.058563 -0.354525 0.052410 1.877490 542 364 584 438
0.201248 -0.283899 0.054942 -0.354531 0.050676 1.876690 542 363 585 438
0.251127 -0.272152 0.058106 -0.354525 0.050676 1.876038 543 363 585 438
0.184113 -0.254178 0.066187 -0.354468 0.052410 1.875204 543 363 585 438
0.319306 -0.275428 0.058610 -0.354106 0.052461 1.873650 543 364 585 438
0.364176 -0.262318 0.063156 -0.351021 0.052502 1.872505 543 363 586 438
0.334238 -0.246803 0.073791 -0.350809 0.055024 1.871678 542 363 587 438
0.458241 -0.250808 0.059768 -0.349632 0.055024 1.871678 542 363 587 439
0.303135 -0.272766 0.067290 -0.343896 0.055360 1.871678 542 364 587 438
0.289283 -0.256923 0.071581 -0.343883 0.055360 1.871678 541 364 587 437
0.398451 -0.248218 0.064737 -0.340948 0.055360 1.874017 542 363 587 436
0.159436 -0.278092 0.073758 -0.340528 0.055369 1.875530 541 363 587 436
0.185818 -0.259350 0.079629 -0.336725 0.056463 1.882033 541 363 588 436
0.249770 -0.249965 0.082196 -0.336330 0.056463 1.882942 541 363 588 436
0.008619 -0.299249 0.087618 -0.336330 0.056463 1.883443 542 364 588 436
0.066696 -0.279800 0.083893 -0.336330 0.055896 1.883482 542 363 588 435
0.044233 -0.263117 0.089548 -0.336725 0.055896 1.884169 542 364 589 436
0.553950 -0.240225 0.135684 -0.336704 0.054770 1.885689 543 364 590 436
0.587392 -0.275936 0.131374 -0.345648 0.054770 1.891781 544 364 590 436
0.430324 -0.271204 0.134365 -0.345779 0.054770 1.899831 543 362 591 436
0.731575 -0.152654 0.132223 -0.351705 0.054770 1.905025 543 362 590 432
0.825539 -0.200514 0.116028 -0.358773 0.063744 1.905728 544 360 593 434
0.703857 -0.217532 0.136578 -0.366627 0.063744 1.906506 545 359 593 432
0.907549 -0.094555 0.111554 -0.366628 0.063744 1.922380 545 360 593 430
0.990418 -0.152689 0.090739 -0.366628 0.063744 1.929442 544 360 591 430
0.906024 -0.184624 0.119081 -0.366628 0.063619 1.941366 540 362 595 430
0.966379 -0.128039 0.083747 -0.366627 0.063618 1.941368 539 362 594 429
0.980338 -0.113308 0.064321 -0.363748 0.063350 1.942593 538 362 594 430
0.966472 -0.146963 0.080133 -0.361082 0.054863 1.942593 537 362 592 428
0.894271 -0.175936 0.078963 -0.352759 0.054863 1.942593 541 362 587 430
0.877986 -0.136483 0.064305 -0.342235 0.054863 1.942593 540 362 586 431
0.866544 -0.184675 0.074291 -0.342235 0.054863 1.942592 540 362 586 431
0.803975 -0.213239 0.070100 -0.342235 0.054868 1.942590 540 363 586 430
0.741370 -0.144593 0.069037 -0.342235 0.054868 1.942590 540 363 586 431
0.806605 -0.177476 0.076380 -0.342235 0.054868 1.942590 540 364 585 430
0.467150 -0.273792 0.094538 -0.342235 0.054868 1.942590 539 364 584 430
0.512711 -0.237125 0.096031 -0.342235 0.061561 1.939501 538 364 583 429
0.256734 -0.273351 0.098762 -0.339934 0.062319 1.939501 538 363 583 432
0.230116 -0.253672 0.088212 -0.331325 0.062319 1.937679 536 362 581 432
0.271603 -0.229011 0.090478 -0.312823 0.062319 1.925573 535 361 583 436
0.020814 -0.310566 0.095128 -0.310225 0.062319 1.925573 537 363 583 435
-0.073325 -0.259815 0.083289 -0.310225 0.056802 1.927634 539 363 585 436
-0.024015 -0.233943 0.083676 -0.310225 0.050423 1.927634 536 365 590 436
0.862827 -0.217200 0.076356 -0.310225 0.046962 1.925573 540 363 588 436
0.875545 -0.261679 0.064228 -0.314677 0.046130 1.923581 539 364 592 436
0.852788 -0.243373 0.089150 -0.315610 0.046130 1.907930 541 364 594 437
0.877084 -0.215747 0.079018 -0.323787 0.046260 1.902841 544 362 593 437
0.909843 -0.245720 0.069656 -0.342692 0.046962 1.887679 545 363 594 440
0.877849 -0.259044 0.096515 -0.356403 0.046962 1.869522 548 365 598 440
0.935578 -0.218999 0.085981 -0.359302 0.047507 1.857565 549 364 598 438
0.967182 -0.226234 0.074978 -0.360833 0.054195 1.850961 550 363 599 435
0.708365 -0.299742 0.114252 -0.366215 0.054195 1.829043 552 360 599 434
1.053848 -0.220170 0.091016 -0.373114 0.063390 1.803480 554 359 601 433
0.875115 -0.270708 0.095579 -0.373114 0.063390 1.760785 552 361 600 434
0.472300 -0.349311 0.128860 -0.373114 0.063390 1.755323 544 362 593 436
1.006909 -0.281745 0.103915 -0.373114 0.063390 1.726278 541 366 595 437
0.635661 -0.359083 0.128108 -0.367283 0.063390 1.726140 539 364 593 440
0.217784 -0.417280 0.151003 -0.338493 0.063390 1.720812 536 364 593 442
0.818147 -0.359137 0.146828 -0.311663 0.063390 1.720716 534 366 592 441
0.247739 -0.465448 0.172537 -0.269163 0.063251 1.720716 534 365 592 441
0.612720 -0.425297 0.163850 -0.269144 0.063251 1.720716 532 364 592 442
0.449536 -0.456394 0.215567 -0.267602 0.063251 1.720812 532 364 591 444
0.663913 -0.457579 0.147354 -0.255167 0.059548 1.729744 531 363 591 444
1.016290 -0.417676 0.147313 -0.253020 0.059531 1.731250 529 362 589 443
0.383369 -0.571809 0.191704 -0.252514 0.059531 1.731994 528 362 589 444
0.800907 -0.441787 0.170985 -0.250613 0.059531 1.734555 528 362 589 443
0.964788 -0.430352 0.165851 -0.250523 0.059548 1.734700 528 362 589 443
0.307516 -0.599002 0.231287 -0.247896 0.062693 1.741493 528 361 589 443
0.649851 -0.416329 0.218505 -0.247896 0.062732 1.742795 529 362 588 442
0.653617 -0.414485 0.185799 -0.247896 0.064764 1.748645 530 362 589 441
0.078913 -0.598736 0.240110 -0.247896 0.065000 1.749174 530 362 590 440
0.307201 -0.418653 0.227465 -0.251169 0.064764 1.749182 531 360 588 440
0.141450 -0.475375 0.216555 -0.254612 0.062732 1.753141 530 358 588 440
0.488827 -0.885845 0.474410 -0.264675 0.062732 1.753897 528 357 587 444
-0.242895 -0.849557 0.381857 -0.272915 0.051891 1.766642 526 358 586 446
0.191988 -0.574175 0.582782 -0.287981 0.022950 1.792678 527 360 586 446
1.086709 -0.704822 0.425653 -0.295515 0.006143 1.803874 527 360 587 446
-0.005728 -0.802268 0.497959 -0.302763 -0.008904 1.816491 528 361 587 446
0.492901 -0.531455 0.613171 -0.307912 -0.009800 1.839667 528 362 587 446
1.529219 -0.516043 0.326709 -0.309747 -0.009800 1.850034 529 363 587 446
0.011599 -0.687881 0.767151 -0.314464 -0.009800 1.857785 529 363 587 445
1.050914 -0.397438 0.527001 -0.314677 -0.009800 1.860692 529 362 587 446
1.729600 -0.327785 0.256524 -0.316274 -0.009010 1.861890 529 361 588 446
-1.332147 -0.514432 0.137774 -0.316274 -0.008965 1.861890 529 362 589 443
1.619242 -0.223473 0.258129 -0.316329 -0.004514 1.861890 532 362 590 442
2.007162 -0.165340 0.227687 -0.316331 0.001019 1.861890 546 362 591 438
0.303608 -0.256115 1.105978 -0.411304 0.001019 1.774658 551 362 600 442
1.561018 -0.120515 0.297512 -0.412265 0.003309 1.729342 553 363 600 438
1.740956 -0.059349 0.330557 -0.416386 0.001019 1.718488 551 363 600 438
-0.223363 -0.133249 1.503233 -0.429776 -0.001424 1.718488 552 363 599 432
1.559176 -0.038958 0.404889 -0.432502 0.001019 1.718488 555 363 600 430
1.665964 -0.027946 0.337492 -0.432979 0.001019 1.729342 550 364 605 433
0.521942 -0.078385 1.420677 -0.439846 0.003309 1.737160 550 366 611 436
1.547689 -0.001980 0.545899 -0.441250 0.003309 1.737160 552 366 614 440
1.545944 -0.034861 0.419348 -0.458140 -0.001424 1.737160 553 366 612 439
1.718108 -0.062197 0.472975 -0.458140 -0.006875 1.737160 554 362 610 435
1.757922 0.096090 0.557492 -0.439846 0.004382 1.713887 562 363 607 430
1.630320 -0.151976 0.321699 -0.436325 0.013082 1.713887 560 360 605 432
1.907317 -0.178728 0.201219 -0.436325 0.013082 1.713887 558 361 602 430
1.960694 -0.171654 0.200981 -0.415528 0.013082 1.713887 556 361 601 431
1.717298 -0.320719 0.170947 -0.415528 0.013615 1.713887 556 362 601 431
1.742165 -0.336577 0.146851 -0.415528 0.014163 1.713887 557 361 601 431
1.769046 -0.362501 0.147006 -0.415528 0.017034 1.713887 557 361 602 432
1.604616 -0.388966 0.136492 -0.420011 0.032310 1.715651 557 361 603 434
1.578321 -0.447218 0.124363 -0.423585 0.032310 1.720477 553 362 608 434
1.594752 -0.411085 0.136696 -0.423585 0.032310 1.720477 550 364 611 438
1.527924 -0.408042 0.120871 -0.423585 0.032310 1.769243 548 361 610 436
1.486660 -0.470244 0.114970 -0.423585 0.032310 1.796468 548 362 610 436
1.488727 -0.386541 0.119408 -0.376117 0.032310 1.815423 548 360 607 445
1.195629 -0.467034 0.122832 -0.362554 0.032310 1.822163 546 362 605 447
1.484276 -0.416326 0.096931 -0.359583 0.019779 1.824771 548 362 599 446
1.199832 -0.462399 0.122841 -0.359583 0.019775 1.830853 543 366 595 457
0.935429 -0.484949 0.139780 -0.356527 0.005229 1.849093 539 365 596 445
1.378013 -0.412887 0.091624 -0.359583 0.005229 1.849093 538 369 597 453
1.124603 -0.480164 0.125884 -0.359583 0.005229 1.849093 539 367 597 454
0.828789 -0.476431 0.163061 -0.362979 0.005229 1.849093 541 366 597 442
1.285642 -0.349246 0.103714 -0.369543 0.017538 1.830516 546 366 605 442
1.024662 -0.477332 0.134948 -0.391902 0.029423 1.815204 549 364 613 444
0.840693 -0.231165 0.163221 -0.391902 0.051940 1.815204 555 365 613 436
1.210149 -0.308280 0.110426 -0.394429 0.053055 1.815204 555 362 613 437
0.875360 -0.343862 0.124931 -0.394658 0.055014 1.815204 553 360 613 433
1.209965 -0.169737 0.121706 -0.394658 0.058244 1.833387 552 359 611 431
0.689895 -0.370215 0.195358 -0.394658 0.068883 1.834330 552 361 611 429
1.118768 -0.363526 0.133651 -0.394739 0.058244 1.834658 553 360 611 429
1.121527 -0.368472 0.178315 -0.394816 0.058244 1.834723 552 360 611 430
1.315316 -0.176819 0.091432 -0.394816 0.061383 1.838200 552 360 611 430
1.231345 -0.276857 0.115283 -0.394968 0.069345 1.834723 552 360 611 430
1.190309 -0.295265 0.163492 -0.396011 0.062632 1.833332 551 360 611 431
1.325151 -0.122888 0.086584 -0.397053 0.055919 1.831942 551 360 609 430
1.246560 -0.228054 0.112951 -0.398095 0.049205 1.830551 550 360 608 431
1.320354 -0.133813 0.112092 -0.399137 0.042492 1.829160 549 361 609 433
1.306757 -0.107592 0.086215 -0.400180 0.035779 1.827770 547 361 609 436
1.306786 -0.093311 0.087494 -0.401222 0.029065 1.826379 546 362 607 435
1.308152 -0.040743 0.086419 -0.402264 0.022352 1.824988 546 366 607 438
1.271321 -0.047272 0.082009 -0.403306 0.015639 1.823598 546 369 605 440
1.255731 -0.070622 0.079944 -0.403306 0.008373 1.814135 546 371 605 440
1.217313 -0.011601 0.079186 -0.403306 0.004642 1.806219 546 372 604 440
1.140352 -0.060817 0.083463 -0.403306 0.004595 1.790766 546 371 604 440
1.039453 -0.081992 0.092405 -0.403236 0.004595 1.790766 546 370 605 441
1.052987 -0.017497 0.078777 -0.403233 0.004595 1.790766 545 370 604 440
0.883799 -0.099184 0.094685 -0.403211 0.004642 1.790766 545 368 602 442
0.692819 -0.110407 0.104922 -0.382387 0.012076 1.800758 545 367 603 442
0.822051 -0.028248 0.089037 -0.361927 0.028697 1.809747 544 367 602 440
0.574844 -0.167532 0.111002 -0.361351 0.028712 1.810116 542 366 596 439
0.299444 -0.156709 0.111212 -0.347060 0.030095 1.821864 544 363 593 439
0.524585 -0.065371 0.073785 -0.345022 0.043393 1.822004 545 364 592 441
0.294476 -0.195791 0.100566 -0.345022 0.044357 1.822004 545 364 592 441
0.040714 -0.386548 0.075718 -0.345022 0.045967 1.822004 545 363 591 440
0.290738 -0.079565 0.066489 -0.345026 0.045997 1.822003 545 364 591 442
-0.320375 -0.264092 0.070911 -0.345026 0.046002 1.822003 544 364 591 441
-0.053042 -0.312010 0.073070 -0.345026 0.046002 1.822003 544 364 591 441
-0.507530 -0.319908 0.076692 -0.345026 0.046002 1.822003 545 364 591 441
