1.017222 -0.525160 0.097153 -0.500275 0.068484 1.870373 579 348 630 436
0.950348 -0.571134 0.092606 -0.504708 0.074599 1.870373 579 348 630 437
0.700973 -0.850803 0.191479 -0.504708 0.075736 1.871498 579 348 631 436
1.081651 -0.701999 0.102270 -0.504708 0.075769 1.871942 579 348 630 436
0.992919 -0.680921 0.091824 -0.503714 0.076442 1.871942 579 348 631 436
0.610654 -0.738741 0.191182 -0.503714 0.076442 1.871942 579 348 631 436
1.048505 -0.683028 0.087560 -0.504708 0.075826 1.870433 579 348 631 436
1.006163 -0.699376 0.099953 -0.504708 0.075826 1.872592 579 348 630 436
0.077729 -0.330546 0.185261 -0.505046 0.075826 1.872727 579 348 630 436
0.976764 -0.679339 0.098923 -0.505046 0.075826 1.872727 579 348 631 436
0.975277 -0.682717 0.109512 -0.505046 0.074979 1.872592 579 347 631 436
0.539100 -0.638108 0.166702 -0.505046 0.074979 1.872592 579 348 631 436
0.922651 -0.658091 0.111612 -0.504498 0.074979 1.872727 579 347 631 436
0.949324 -0.687986 0.120147 -0.503064 0.076613 1.872784 579 347 631 437
0.575831 -0.612037 0.164572 -0.502286 0.077815 1.874947 579 348 631 436
0.778706 -0.582236 0.133750 -0.499938 0.077848 1.877340 579 348 631 436
0.823320 -0.626659 0.151846 -0.499938 0.077848 1.877340 579 347 631 436
-0.022813 -0.052656 0.123239 -0.499938 0.077848 1.877340 579 347 631 436
-0.261594 -0.045938 0.127767 -0.499938 0.077848 1.877340 579 348 630 436
-0.201988 -0.077238 0.119217 -0.499938 0.077848 1.877340 579 347 631 436
0.834530 -0.628657 0.126309 -0.501408 0.077756 1.875522 579 347 631 436
0.785852 -0.561612 0.159947 -0.502046 0.077489 1.875522 579 348 631 436
0.856665 -0.657874 0.154694 -0.502046 0.077477 1.875258 579 348 631 436
0.917297 -0.689472 0.128672 -0.503516 0.077438 1.875031 579 347 631 436
0.850271 -0.597512 0.136465 -0.503516 0.076870 1.875031 579 347 631 437
0.893738 -0.656999 0.134889 -0.502630 0.076870 1.875031 579 347 631 436
0.972796 -0.698573 0.117227 -0.502112 0.076870 1.874567 579 348 631 436
0.888400 -0.623167 0.126550 -0.502046 0.076870 1.874600 579 348 631 436
0.882135 -0.688368 0.130467 -0.501411 0.076870 1.874567 579 348 631 436
1.029334 -0.725669 0.100858 -0.501411 0.077380 1.874318 579 348 631 436
0.941290 -0.642398 0.107200 -0.501327 0.077426 1.874507 579 348 631 436
0.978114 -0.687799 0.108878 -0.501026 0.077488 1.874496 579 348 631 436
1.043249 -0.748212 0.101658 -0.501026 0.077568 1.874496 579 347 631 436
0.960993 -0.666541 0.102296 -0.500954 0.077568 1.874318 579 347 631 436
0.952276 -0.673595 0.104637 -0.500941 0.077568 1.874194 579 348 631 436
1.037832 -0.722076 0.099237 -0.500954 0.077568 1.871406 579 347 631 436
1.004591 -0.654017 0.096594 -0.500954 0.076691 1.871203 579 348 631 436
0.975045 -0.615820 0.099299 -0.503720 0.076650 1.871187 579 347 631 436
1.034452 -0.650766 0.096830 -0.505430 0.076650 1.871010 579 346 631 436
0.990673 -0.567405 0.095949 -0.505430 0.076650 1.871009 579 347 631 436
0.915236 -0.517404 0.104874 -0.505430 0.076650 1.871009 579 346 631 436
0.982591 -0.572198 0.097544 -0.505430 0.076650 1.871009 579 346 631 436
0.929646 -0.474780 0.097385 -0.505430 0.076650 1.871009 579 347 632 436
0.853263 -0.475720 0.116581 -0.505429 0.076650 1.871009 579 346 632 436
0.925279 -0.509416 0.114698 -0.505429 0.076650 1.871009 580 346 631 436
0.864753 -0.381879 0.105336 -0.505429 0.076650 1.871009 579 346 632 436
0.873030 -0.441167 0.125151 -0.505429 0.076650 1.871009 579 346 632 437
0.918779 -0.482580 0.116629 -0.505429 0.076650 1.871009 579 346 632 436
0.865435 -0.348383 0.111395 -0.505429 0.076650 1.871009 579 346 632 437
1.001239 -0.478537 0.131626 -0.505429 0.076650 1.871009 579 346 632 437
1.009953 -0.526466 0.116353 -0.505429 0.077497 1.871009 579 346 632 436
0.940771 -0.378122 0.103880 -0.505429 0.077631 1.871009 579 346 632 437
1.141093 -0.497327 0.114045 -0.505429 0.077755 1.871009 580 346 632 437
1.081792 -0.565460 0.110356 -0.506062 0.083030 1.870504 585 346 637 434
0.988497 -0.417561 0.093648 -0.506292 0.083030 1.867754 590 347 641 436
0.980763 -0.499378 0.160120 -0.521011 0.083030 1.855267 597 347 650 439
0.899989 -0.570779 0.146814 -0.531178 0.083030 1.840873 601 350 661 440
0.772881 -0.440285 0.125505 -0.539782 0.075193 1.840873 604 350 664 440
0.464052 -0.511210 0.241620 -0.541399 0.075193 1.840873 600 347 661 440
0.712213 -0.519516 0.168048 -0.541440 0.075193 1.840873 594 342 655 437
0.589905 -0.451130 0.146258 -0.541440 0.075193 1.845643 595 342 649 434
0.221791 -0.406071 0.244588 -0.541399 0.087565 1.888833 595 342 647 432
0.503431 -0.403108 0.177126 -0.540458 0.093374 1.893761 589 337 640 423
0.640780 -0.331649 0.141010 -0.539782 0.105768 1.925637 582 338 632 421
0.376945 -0.103487 0.085921 -0.532847 0.106271 1.940286 579 337 628 419
0.164795 -0.051289 0.121732 -0.527319 0.112352 1.946984 578 336 627 419
0.031703 -0.131038 0.155231 -0.526673 0.116012 1.952773 577 336 624 418
0.239682 -0.097066 0.101837 -0.526673 0.126832 1.963706 576 336 624 418
0.596737 -0.037559 0.115203 -0.526673 0.127855 1.976590 576 336 623 418
0.681979 -0.078185 0.114437 -0.526673 0.127855 1.990084 577 335 624 418
0.489623 0.028534 0.149257 -0.532974 0.127855 1.992431 579 336 626 418
0.575539 0.064150 0.114282 -0.546021 0.126832 1.992431 582 336 629 416
0.645954 -0.000586 0.109857 -0.546021 0.125525 1.992431 583 336 629 415
0.470073 0.121949 0.121915 -0.547318 0.123753 1.990084 583 336 631 416
0.515208 0.162214 0.094804 -0.549896 0.122499 1.986301 583 337 631 416
0.651508 0.070633 0.101687 -0.551724 0.121886 1.979049 587 339 637 418
0.494392 0.157320 0.098185 -0.551724 0.116595 1.942534 590 342 638 418
0.506091 0.141631 0.094659 -0.551724 0.115769 1.936134 592 340 647 419
0.685159 0.036302 0.111292 -0.551747 0.114385 1.910131 596 338 647 420
0.559931 0.051747 0.132224 -0.551780 0.112215 1.889588 597 338 649 424
0.512232 -0.007608 0.142426 -0.557476 0.111940 1.886415 597 338 649 424
0.697786 -0.123699 0.161751 -0.559513 0.111630 1.884228 597 338 648 424
0.664089 -0.209682 0.209823 -0.561032 0.111079 1.883161 597 338 648 424
0.645849 -0.289024 0.213832 -0.561596 0.110560 1.880505 597 339 647 424
0.869799 -0.450251 0.226393 -0.565017 0.109700 1.879753 596 339 645 424
0.860253 -0.590864 0.263503 -0.565017 0.109700 1.879753 596 339 645 424
0.837752 -0.660784 0.232325 -0.565017 0.109333 1.879753 595 340 644 423
1.096744 -0.799799 0.225384 -0.565017 0.108343 1.880505 594 343 643 432
1.060004 -0.851178 0.224175 -0.554452 0.099987 1.891387 591 346 641 434
0.986081 -0.888094 0.205522 -0.540349 0.083982 1.891387 588 346 640 436
1.177641 -0.929465 0.171428 -0.532824 0.070334 1.891387 587 347 639 438
1.088989 -0.940064 0.187935 -0.531875 0.068684 1.891387 587 348 638 438
1.063101 -0.966222 0.171611 -0.529313 0.067266 1.885359 586 348 637 440
1.117698 -0.930291 0.141058 -0.528751 0.060573 1.884536 586 349 637 441
0.993202 -0.843922 0.151675 -0.527685 0.060573 1.884460 586 350 636 440
1.059345 -0.842189 0.134556 -0.527309 0.060573 1.882443 585 349 637 440
0.927047 -0.768170 0.126775 -0.527309 0.060573 1.882443 586 348 638 440
0.741869 -0.612404 0.113664 -0.527309 0.061603 1.884460 587 347 639 435
0.774458 -0.605025 0.115881 -0.528194 0.074497 1.884460 589 346 641 434
0.698024 -0.526661 0.104558 -0.528194 0.083519 1.887922 591 346 642 434
0.646495 -0.432361 0.092737 -0.536638 0.090692 1.888475 592 345 642 433
0.673627 -0.416750 0.098803 -0.538201 0.092187 1.890750 593 344 643 433
0.640054 -0.366417 0.095462 -0.545221 0.094138 1.891145 593 344 643 432
0.564329 -0.275462 0.079560 -0.545221 0.094344 1.891159 593 344 643 432
0.631342 -0.275657 0.085342 -0.545221 0.100244 1.891714 593 344 643 432
0.608471 -0.238894 0.088520 -0.545244 0.100244 1.891771 593 344 643 432
0.554199 -0.173349 0.076296 -0.545221 0.100267 1.893113 593 344 643 432
0.613309 -0.172073 0.077273 -0.545186 0.101432 1.893243 593 344 643 432
0.589252 -0.131937 0.074625 -0.545176 0.101482 1.893302 593 345 643 432
0.543355 -0.115891 0.076276 -0.544977 0.101482 1.893302 593 344 643 432
0.564278 -0.101015 0.072228 -0.544977 0.101432 1.893302 593 345 643 432
0.602469 -0.058875 0.077639 -0.544335 0.101407 1.895327 593 344 643 432
0.520516 -0.053411 0.077617 -0.543858 0.101548 1.895432 593 344 643 432
0.516215 -0.041185 0.070186 -0.539806 0.102060 1.898897 593 344 643 432
0.597594 -0.012338 0.078532 -0.539800 0.102118 1.898968 593 344 643 432
0.516537 -0.027233 0.077763 -0.539796 0.102016 1.902669 593 344 643 432
0.516556 -0.024791 0.080131 -0.539796 0.102016 1.902669 593 344 643 432
0.619752 -0.015338 0.083069 -0.539800 0.102016 1.902669 593 345 643 432
0.562552 -0.060379 0.085236 -0.539806 0.102016 1.902669 592 344 643 432
0.570626 -0.038013 0.085494 -0.540624 0.101507 1.901349 592 344 643 432
0.653098 -0.030643 0.086918 -0.540624 0.101023 1.900705 592 345 643 432
0.628562 -0.091336 0.098336 -0.540624 0.100476 1.899754 592 345 643 432
0.614694 -0.050842 0.097472 -0.540624 0.100051 1.899754 592 345 642 432
0.682206 -0.054863 0.090267 -0.540624 0.100124 1.899754 592 345 642 432
0.667217 -0.097208 0.099482 -0.540624 0.100104 1.899754 592 345 642 432
0.720082 -0.082400 0.097410 -0.540624 0.100104 1.898689 592 345 643 432
0.700884 -0.071851 0.094537 -0.538943 0.100104 1.898689 592 345 642 432
0.733428 -0.127388 0.098274 -0.540930 0.100104 1.897282 592 345 642 432
0.794541 -0.110663 0.101027 -0.540930 0.100104 1.897282 592 345 642 432
0.775249 -0.076631 0.096771 -0.540930 0.100108 1.897282 593 345 643 432
0.802699 -0.085137 0.095830 -0.540930 0.100104 1.897282 592 345 642 432
0.882253 -0.077658 0.090214 -0.541839 0.100104 1.896581 592 345 643 432
0.823090 -0.108328 0.097216 -0.541839 0.100108 1.896581 592 345 642 432
0.861690 -0.092524 0.097926 -0.541839 0.100108 1.896581 592 345 642 432
0.903078 -0.106657 0.092072 -0.541839 0.100450 1.897775 593 344 643 432
0.830948 -0.176601 0.099761 -0.541839 0.100108 1.897775 593 345 643 432
0.876128 -0.159360 0.100652 -0.541839 0.099887 1.897775 593 345 643 434
0.891475 -0.171880 0.103690 -0.541839 0.099887 1.897775 593 345 643 433
0.834758 -0.285486 0.107315 -0.543255 0.099617 1.897775 593 345 643 433
0.902000 -0.260183 0.109775 -0.543255 0.098976 1.894373 593 345 643 432
0.903497 -0.287631 0.105174 -0.543255 0.098974 1.894373 592 346 642 434
0.890938 -0.416038 0.107917 -0.543253 0.097292 1.894373 592 346 642 434
0.914361 -0.397629 0.105993 -0.541348 0.097292 1.894373 592 346 643 434
0.938148 -0.445928 0.105560 -0.538770 0.094987 1.894373 592 346 642 434
0.931876 -0.533150 0.101450 -0.537809 0.093925 1.896248 592 346 642 434
0.876276 -0.501125 0.098908 -0.537809 0.093850 1.896248 592 346 642 434
0.943246 -0.535415 0.107793 -0.537809 0.093408 1.898052 591 346 642 434
0.929985 -0.601512 0.102215 -0.538017 0.093408 1.896605 591 346 642 434
0.807867 -0.568137 0.108129 -0.538017 0.092893 1.896658 591 345 642 434
0.851129 -0.603239 0.110391 -0.539099 0.092760 1.896661 592 345 642 434
0.828175 -0.637290 0.096946 -0.539099 0.092760 1.896658 591 346 642 433
0.722448 -0.636578 0.102751 -0.539099 0.092760 1.896605 592 345 642 433
0.764839 -0.668238 0.104824 -0.539099 0.092760 1.896658 591 346 642 434
0.735464 -0.639123 0.098460 -0.538980 0.093238 1.896658 591 345 642 434
0.688638 -0.639024 0.094900 -0.538157 0.093238 1.896661 591 345 642 434
0.702055 -0.653836 0.100657 -0.532140 0.093238 1.904159 590 345 641 432
0.691961 -0.648274 0.100672 -0.531784 0.093238 1.905562 587 344 640 430
0.659276 -0.647664 0.093457 -0.531380 0.093618 1.905976 586 338 636 425
0.641079 -0.655998 0.101842 -0.529091 0.094241 1.910844 582 340 631 424
0.669165 -0.661324 0.098829 -0.528833 0.095917 1.939374 580 340 630 422
0.502595 -0.699489 0.105923 -0.517214 0.103556 1.946275 577 338 628 424
0.607282 -0.652270 0.095280 -0.510401 0.103559 1.946275 575 338 625 424
0.638214 -0.680373 0.100022 -0.504511 0.104307 1.946275 574 338 623 424
0.468773 -0.761999 0.121137 -0.504511 0.104307 1.944549 572 337 622 424
0.603516 -0.643717 0.098448 -0.504511 0.105730 1.944549 573 338 622 424
0.619899 -0.676129 0.103183 -0.504511 0.106354 1.944547 574 338 623 424
0.433750 -0.774971 0.120091 -0.511322 0.105829 1.943751 576 338 624 424
0.585967 -0.635470 0.100466 -0.515844 0.105829 1.943751 578 338 628 423
0.577950 -0.669917 0.104044 -0.515903 0.105730 1.943485 579 338 628 423
-0.731843 -0.611405 0.102635 -0.516522 0.105730 1.942843 579 338 629 422
0.567278 -0.617194 0.096292 -0.518782 0.105730 1.940960 580 339 629 423
0.551661 -0.658080 0.101066 -0.519475 0.098009 1.932850 581 339 631 424
0.390688 -0.779056 0.119413 -0.528099 0.098009 1.918647 585 338 636 425
0.495870 -0.607278 0.090948 -0.536822 0.098009 1.910305 587 337 639 425
0.480729 -0.640992 0.096219 -0.538064 0.098009 1.899049 589 338 640 424
0.315188 -0.676483 0.103675 -0.544627 0.101149 1.893771 590 344 642 430
0.419280 -0.584216 0.084760 -0.545021 0.101149 1.892902 593 343 643 431
0.495187 -0.659552 0.112231 -0.545021 0.101541 1.892902 593 343 643 431
0.403545 -0.663708 0.128279 -0.545021 0.101565 1.892902 593 343 643 432
0.440816 -0.608229 0.098913 -0.545021 0.101565 1.892902 592 343 643 432
0.600073 -0.691922 0.119204 -0.544649 0.101572 1.893755 591 344 642 432
0.618245 -0.627704 0.116952 -0.544649 0.101565 1.893755 591 344 642 432
0.559163 -0.593971 0.095986 -0.544649 0.101572 1.893755 591 344 642 432
0.694291 -0.667628 0.111022 -0.544649 0.101675 1.893898 591 344 642 432
0.668206 -0.587596 0.115171 -0.544570 0.101733 1.893898 590 344 642 432
0.501401 -0.525701 0.089309 -0.544570 0.101675 1.893898 590 344 642 431
0.716605 -0.604000 0.112512 -0.544346 0.101572 1.893755 590 344 641 432
0.752839 -0.545088 0.120468 -0.543596 0.101483 1.894303 590 344 642 432
0.572411 -0.459968 0.102284 -0.542571 0.096567 1.896193 590 344 642 432
0.757015 -0.542469 0.099795 -0.538289 0.095141 1.896193 590 344 641 432
0.814729 -0.473508 0.103768 -0.538176 0.095014 1.896193 590 344 641 432
0.605604 -0.394053 0.082110 -0.538176 0.094916 1.896199 590 344 641 432
0.777490 -0.460303 0.093349 -0.538148 0.094916 1.896199 590 344 641 432
0.830881 -0.386262 0.098061 -0.538148 0.095014 1.896199 590 344 641 432
0.650744 -0.355392 0.082872 -0.538148 0.095014 1.896199 590 344 641 431
0.774647 -0.424112 0.084662 -0.538732 0.100312 1.896199 589 344 641 431
0.824777 -0.333219 0.085156 -0.538927 0.100312 1.896199 590 344 641 432
0.660892 -0.333720 0.074324 -0.540379 0.100312 1.896820 590 344 641 432
0.775982 -0.397719 0.078636 -0.541521 0.100312 1.897068 590 344 641 432
0.791288 -0.293879 0.075671 -0.541991 0.100312 1.896820 590 344 641 432
0.648623 -0.344771 0.068049 -0.541521 0.101371 1.897068 590 344 642 431
0.761291 -0.397928 0.078598 -0.541521 0.099884 1.897587 590 344 642 431
0.747885 -0.298001 0.076581 -0.541521 0.099286 1.898539 590 344 641 432
0.666465 -0.360577 0.068996 -0.540557 0.099286 1.902608 590 344 641 432
0.794147 -0.390367 0.077272 -0.540557 0.093304 1.902608 590 344 642 431
0.741606 -0.331699 0.074841 -0.540557 0.093304 1.902608 590 344 641 432
0.698100 -0.408763 0.073049 -0.540500 0.093304 1.902644 590 344 641 432
0.807710 -0.408133 0.081264 -0.540557 0.093304 1.902644 590 344 641 432
0.764075 -0.370901 0.073899 -0.540557 0.093304 1.902647 590 344 641 432
0.713185 -0.431359 0.078601 -0.540557 0.094275 1.903055 590 344 642 432
0.816175 -0.392161 0.077248 -0.541993 0.094592 1.903290 589 344 641 432
0.791534 -0.382166 0.074329 -0.542046 0.096821 1.903798 588 337 640 425
0.757216 -0.427620 0.080879 -0.542333 0.096900 1.907140 588 342 640 432
0.819909 -0.365165 0.078322 -0.544142 0.101829 1.907653 587 336 639 426
0.800415 -0.390367 0.076752 -0.544142 0.103452 1.908229 588 336 639 426
0.807476 -0.419810 0.086309 -0.548896 0.103452 1.908229 589 337 640 424
0.859402 -0.345816 0.077617 -0.548896 0.103452 1.907653 590 337 640 424
0.811207 -0.399604 0.081940 -0.544142 0.101829 1.907140 589 345 641 432
0.845334 -0.392486 0.092090 -0.541682 0.098915 1.900843 589 345 642 432
0.854759 -0.308877 0.082111 -0.538821 0.091895 1.900646 589 346 641 432
0.855237 -0.427270 0.098337 -0.533162 0.091522 1.898344 588 345 641 433
0.906016 -0.275300 0.078746 -0.533125 0.089690 1.898273 588 346 640 432
0.892020 -0.187375 0.074989 -0.532760 0.089604 1.898273 588 346 640 434
0.946513 -0.303073 0.088569 -0.532760 0.087630 1.898012 588 346 640 433
0.950289 -0.169951 0.075325 -0.532760 0.085353 1.898012 589 346 640 432
0.935744 -0.105988 0.075332 -0.532760 0.085353 1.897651 589 346 641 434
1.035487 -0.204882 0.081857 -0.533039 0.085353 1.896524 589 346 641 433
0.990970 -0.066493 0.076110 -0.534520 0.086116 1.896524 589 346 641 433
0.966084 -0.019967 0.075474 -0.534523 0.086149 1.896524 589 346 641 433
1.080943 -0.135247 0.086621 -0.534523 0.086149 1.896524 588 346 640 433
1.005588 -0.009301 0.070267 -0.534523 0.086149 1.896527 588 346 640 433
0.974975 0.071351 0.063380 -0.534523 0.086151 1.896527 587 346 640 432
1.030510 -0.031084 0.069825 -0.534523 0.086151 1.896527 587 345 640 433
1.010403 0.040799 0.064470 -0.531933 0.086149 1.902704 587 346 640 432
0.976140 0.129511 0.060593 -0.531933 0.086149 1.902875 588 345 640 433
1.003073 0.062526 0.062691 -0.531933 0.086149 1.902875 588 346 640 432
1.015510 0.069375 0.063465 -0.531933 0.087215 1.902875 588 346 640 432
0.986368 0.155655 0.061282 -0.531933 0.087215 1.902875 588 346 641 432
0.991027 0.119612 0.058886 -0.534406 0.087215 1.902704 588 346 640 432
0.985135 0.091669 0.059575 -0.534406 0.092084 1.902875 588 346 640 432
0.979340 0.160994 0.054892 -0.538770 0.092084 1.899549 588 346 640 432
0.972175 0.129747 0.051374 -0.538784 0.092084 1.898138 588 346 640 432
0.960938 0.091911 0.056470 -0.538784 0.092084 1.898138 588 346 641 432
0.970585 0.137631 0.054501 -0.538770 0.092152 1.898884 588 346 640 432
0.956494 0.092175 0.053242 -0.532321 0.092232 1.898884 588 346 640 432
0.929989 0.058938 0.058852 -0.532321 0.092232 1.900213 588 346 640 432
0.934345 0.087118 0.057144 -0.533087 0.092336 1.900213 588 346 640 432
0.924032 0.043570 0.053914 -0.533087 0.092401 1.900663 588 346 640 433
0.888889 0.071941 0.054566 -0.533087 0.092776 1.901563 588 346 640 432
0.908981 0.069888 0.056040 -0.534515 0.092938 1.901563 588 346 640 432
0.880460 -0.001232 0.052601 -0.534515 0.092938 1.901563 588 346 640 432
0.849430 0.029776 0.056961 -0.534515 0.092938 1.901563 588 346 640 432
0.864355 -0.004398 0.058830 -0.534515 0.093256 1.901563 588 346 640 432
0.835738 -0.077693 0.058913 -0.538130 0.092938 1.899182 588 346 640 433
0.804523 -0.051510 0.059450 -0.538130 0.092938 1.899182 588 346 640 433
0.828722 -0.084184 0.060826 -0.538173 0.092569 1.898292 588 345 640 432
0.804886 -0.146375 0.061515 -0.538592 0.092349 1.898292 588 346 640 432
0.768309 -0.143177 0.062877 -0.538173 0.092569 1.899182 588 346 640 433
0.796834 -0.172487 0.064170 -0.538173 0.093016 1.899182 588 346 640 433
0.785429 -0.217673 0.062104 -0.535730 0.092569 1.898532 588 346 640 433
0.750320 -0.230963 0.064319 -0.535730 0.092933 1.898676 588 346 640 433
0.768076 -0.255427 0.062031 -0.538173 0.092933 1.898676 587 345 640 432
0.803163 -0.304797 0.071238 -0.539671 0.093483 1.902132 588 344 640 432
0.762274 -0.337626 0.074432 -0.539671 0.093538 1.902371 587 344 640 431
0.771831 -0.356327 0.072380 -0.540533 0.094706 1.902829 588 344 641 430
0.844199 -0.412607 0.088268 -0.545785 0.096006 1.912696 589 337 641 424
0.820519 -0.496332 0.092312 -0.545785 0.097067 1.914947 589 336 641 424
0.820527 -0.494797 0.095093 -0.545785 0.100949 1.914947 588 336 640 424
0.933472 -0.597964 0.111913 -0.545785 0.101479 1.915206 588 336 640 424
0.939456 -0.685420 0.106419 -0.547140 0.102003 1.914947 588 336 640 425
0.933166 -0.678665 0.113369 -0.540912 0.103731 1.916636 588 336 640 425
1.136787 -0.778222 0.121182 -0.540912 0.103731 1.916636 589 336 640 423
1.156194 -0.879569 0.116063 -0.540912 0.103731 1.911093 588 336 640 426
1.181728 -0.831861 0.117120 -0.541775 0.102003 1.909561 589 336 640 426
1.374728 -0.810591 0.116467 -0.541775 0.094328 1.908510 590 344 641 434
1.360112 -0.877538 0.116648 -0.541775 0.085908 1.908166 589 346 640 434
1.363747 -0.818329 0.116609 -0.540912 0.076958 1.900534 587 346 639 436
1.453190 -0.749575 0.134641 -0.540679 0.067369 1.892761 586 348 637 442
1.455010 -0.740012 0.119555 -0.538623 0.052496 1.887260 585 350 636 442
1.356757 -0.712817 0.125949 -0.533351 0.049284 1.878759 585 351 636 442
1.311553 -0.659051 0.151358 -0.533344 0.049284 1.878759 585 351 636 444
1.310133 -0.628933 0.146952 -0.533080 0.049284 1.878759 585 351 636 443
1.278308 -0.522582 0.126884 -0.529928 0.049284 1.878759 586 349 636 442
1.227704 -0.471503 0.139249 -0.529000 0.060792 1.882196 586 348 638 438
0.832121 -0.445060 0.211889 -0.529928 0.070457 1.891657 588 348 639 435
1.139287 -0.279693 0.115551 -0.529928 0.078353 1.895161 588 348 640 435
1.226820 -0.310050 0.117879 -0.529928 0.081478 1.897653 588 344 641 432
0.162261 -0.338841 0.260590 -0.531154 0.088340 1.898492 589 344 641 431
0.893771 -0.108816 0.173943 -0.534572 0.093131 1.903304 591 344 643 432
1.257914 -0.188716 0.100760 -0.534572 0.093372 1.903881 593 344 644 436
-0.357451 -0.288014 0.246357 -0.542463 0.095762 1.907303 591 348 641 434
0.738580 -0.026202 0.211797 -0.542979 0.101797 1.912526 589 346 641 434
1.234884 -0.109414 0.106801 -0.542979 0.104897 1.915975 587 338 644 422
0.652132 -0.097964 0.260282 -0.542979 0.106734 1.916583 592 337 643 422
0.602897 0.004963 0.331705 -0.542463 0.111411 1.921482 593 336 645 424
1.124219 -0.068361 0.146094 -0.537411 0.113546 1.924493 593 336 645 424
1.026458 0.005871 0.164657 -0.537411 0.113546 1.926942 592 336 644 424
0.697888 -0.110895 0.231776 -0.536298 0.114371 1.933728 591 335 642 425
1.242348 -0.071490 0.201025 -0.535052 0.113546 1.937156 589 335 641 425
1.223489 0.092174 0.085956 -0.534744 0.113546 1.938179 585 336 643 424
1.009966 0.009771 0.139578 -0.534744 0.112792 1.945476 586 336 643 424
0.898972 -0.009456 0.152233 -0.535052 0.112792 1.945476 588 335 641 426
1.282996 0.145511 0.053118 -0.535052 0.112792 1.945476 589 335 641 425
1.178541 0.091342 0.077576 -0.535052 0.114012 1.945476 586 336 644 424
1.105329 0.105237 0.087612 -0.535847 0.113963 1.941422 585 336 643 424
1.253532 0.151503 0.047112 -0.535847 0.114012 1.940853 589 335 641 425
1.218433 0.145232 0.051369 -0.537060 0.114012 1.940750 589 335 641 424
1.175371 0.170051 0.050985 -0.537060 0.115024 1.940563 589 335 641 424
1.208101 0.163195 0.042422 -0.535847 0.115024 1.940563 589 335 641 424
1.169710 0.175770 0.045471 -0.534504 0.116056 1.940563 589 335 641 424
1.158375 0.198650 0.050758 -0.534504 0.116844 1.940021 589 335 641 425
1.168861 0.156811 0.049130 -0.534504 0.120346 1.938856 588 334 641 424
1.136113 0.184053 0.051725 -0.536525 0.121495 1.938441 589 335 641 424
1.126790 0.154328 0.066798 -0.536525 0.122392 1.938856 589 335 641 424
1.117197 0.119772 0.061426 -0.538032 0.122777 1.938856 590 335 641 422
1.097623 0.113068 0.064013 -0.540428 0.122788 1.938856 590 336 642 423
1.118818 -0.021717 0.098529 -0.543280 0.122788 1.938856 591 336 642 422
0.930793 0.056758 0.104621 -0.543297 0.122788 1.941587 591 336 642 422
0.955234 -0.008448 0.109689 -0.545986 0.122788 1.941587 590 336 642 422
1.053371 -0.302178 0.181881 -0.546727 0.122788 1.941587 589 336 641 423
0.551445 -0.111509 0.181271 -0.546727 0.110253 1.937592 588 336 639 426
0.682209 -0.279963 0.176155 -0.546727 0.094535 1.934286 588 343 638 433
0.647083 -0.601521 0.283361 -0.545986 0.085849 1.919670 587 344 638 434
-0.013878 -0.307942 0.218315 -0.540791 0.077561 1.914692 587 346 638 438
0.094091 -0.471360 0.224997 -0.539882 0.069018 1.905946 586 349 637 440
-0.200084 -0.757911 0.303960 -0.535181 0.057925 1.897077 586 349 636 442
0.943146 -0.698437 0.289476 -0.534297 0.057570 1.896676 586 350 636 442
0.480296 -0.280943 0.401775 -0.534297 0.053632 1.891677 586 350 636 443
0.365545 -0.345707 0.314740 -0.534280 0.053632 1.891651 586 349 636 442
1.023408 -0.572454 0.198844 -0.533484 0.053632 1.891651 586 349 637 441
0.758183 -0.228116 0.247100 -0.533484 0.053632 1.891651 587 348 638 440
0.667030 -0.274462 0.227972 -0.534280 0.061160 1.891677 587 346 639 437
1.031487 -0.383720 0.150861 -0.534406 0.071805 1.896261 589 346 640 436
0.832875 -0.178623 0.197751 -0.534531 0.077464 1.897429 590 347 641 437
0.878226 -0.205924 0.170190 -0.535300 0.078041 1.898944 590 345 642 437
0.987113 -0.237043 0.128825 -0.535318 0.083219 1.898944 590 344 642 434
0.886276 -0.140710 0.152979 -0.536716 0.092322 1.898944 591 344 642 434
0.939653 -0.209109 0.149300 -0.537148 0.092814 1.898785 592 343 642 434
1.016935 -0.178954 0.151705 -0.540686 0.093564 1.901715 593 344 644 435
0.943809 -0.110409 0.202536 -0.542329 0.094355 1.898785 595 342 648 436
1.138423 -0.189791 0.181923 -0.544263 0.094381 1.897869 594 344 656 436
1.219871 -0.094541 0.190424 -0.552148 0.094477 1.896551 602 347 664 439
1.251894 -0.008751 0.254042 -0.567633 0.122115 1.888608 616 346 668 438
1.334961 -0.155945 0.237586 -0.657695 0.130839 1.809775 625 345 677 436
1.517125 -0.030517 0.193101 -0.756201 0.137672 1.809775 632 345 681 436
1.605519 -0.016580 0.235289 -0.757135 0.137741 1.809775 634 344 686 434
1.584764 -0.113428 0.218682 -0.750276 0.135410 1.812535 636 346 687 433
1.799728 -0.016353 0.156837 -0.743417 0.133079 1.815295 636 346 687 436
1.854627 -0.019779 0.173547 -0.736558 0.130748 1.818055 634 346 698 434
1.798318 -0.086363 0.174240 -0.729699 0.128417 1.820815 634 346 698 435
1.835324 -0.012240 0.152634 -0.722840 0.126086 1.823575 630 347 693 436
1.809956 -0.070177 0.166513 -0.715981 0.123755 1.826335 633 345 699 438
1.770687 -0.115055 0.189498 -0.709122 0.121424 1.829095 632 346 699 437
1.754637 -0.018197 0.167340 -0.702263 0.119093 1.831854 632 346 699 438
1.727840 -0.105714 0.159728 -0.695404 0.116762 1.834614 632 344 700 439
1.664237 -0.207903 0.184636 -0.688545 0.114431 1.837374 629 348 694 437
1.302075 0.029533 0.315016 -0.681686 0.112100 1.840134 629 346 694 438
1.346529 -0.154010 0.290247 -0.674826 0.109769 1.842894 628 346 694 438
1.587946 -0.306988 0.172063 -0.667967 0.107438 1.845654 628 345 692 437
1.207663 -0.167666 0.327634 -0.661108 0.105107 1.848414 627 345 692 436
1.272385 -0.392376 0.285226 -0.654249 0.102776 1.851173 624 345 689 439
1.539422 -0.497640 0.154176 -0.647390 0.100445 1.853933 620 344 684 439
1.164136 -0.342337 0.260086 -0.640531 0.098114 1.856693 616 342 680 440
1.193660 -0.505233 0.294085 -0.629070 0.087743 1.856693 611 342 674 438
1.412023 -0.551061 0.128747 -0.628203 0.085048 1.863358 608 342 662 437
-1.355204 -0.285952 0.095603 -0.597254 0.084319 1.863358 603 342 656 434
-1.314317 -0.392803 0.109055 -0.578013 0.078341 1.870938 597 341 649 438
1.274357 -0.549227 0.121910 -0.563617 0.078167 1.876937 594 342 645 436
0.949873 -0.443826 0.201645 -0.544004 0.078167 1.885829 588 344 640 436
0.988085 -0.498752 0.191893 -0.536501 0.078167 1.886872 585 343 637 437
1.131450 -0.490715 0.106389 -0.527218 0.078167 1.887041 581 343 632 438
0.821523 -0.352863 0.140609 -0.527218 0.078846 1.887806 585 342 636 435
0.810945 -0.369978 0.143430 -0.527218 0.084178 1.887814 585 342 638 434
0.736224 -0.326724 0.118133 -0.527218 0.087298 1.887814 586 342 639 433
0.570402 -0.249297 0.156116 -0.535465 0.095970 1.888523 587 342 640 432
0.582241 -0.283653 0.137827 -0.538168 0.103721 1.893625 589 337 640 424
0.336520 -0.254129 0.135378 -0.542116 0.106560 1.898482 590 337 641 424
0.246742 -0.214100 0.140170 -0.542116 0.106560 1.904003 590 337 641 424
0.316105 -0.238607 0.123717 -0.542712 0.106560 1.904003 590 337 641 424
0.419220 -0.105910 0.141413 -0.543611 0.106560 1.904003 590 337 641 423
0.323401 -0.075379 0.148844 -0.543611 0.106246 1.905056 589 337 640 422
0.409227 -0.111210 0.125968 -0.544555 0.106246 1.905056 589 337 640 422
-0.066584 -0.412035 0.206042 -0.544555 0.106246 1.907736 589 337 640 421
0.066006 -0.389286 0.196961 -0.544885 0.106246 1.916652 589 336 640 420
0.283577 -0.383178 0.176227 -0.547924 0.112744 1.920503 591 336 641 418
0.294008 -0.398266 0.190920 -0.547924 0.118598 1.943016 591 334 642 418
0.385057 -0.363599 0.165021 -0.547924 0.120354 1.946722 591 334 641 416
0.544820 -0.342065 0.133645 -0.547924 0.138744 1.954978 590 332 640 414
0.641695 0.057804 0.108687 -0.543479 0.152526 1.961392 588 331 639 412
0.614301 0.008665 0.131961 -0.543479 0.152526 1.961392 588 332 638 413
0.692176 -0.048158 0.117583 -0.543479 0.152526 1.964328 587 332 637 415
0.724218 0.100535 0.083261 -0.543479 0.152526 1.964328 587 332 637 415
0.724943 0.073053 0.095408 -0.543681 0.151841 1.962832 587 332 637 414
0.800291 0.024556 0.092310 -0.549484 0.150003 1.962832 587 332 637 416
0.860118 0.150167 0.057525 -0.550718 0.145166 1.962832 587 332 637 416
0.872165 0.137142 0.065807 -0.550864 0.145083 1.966328 586 332 637 416
0.917157 0.108348 0.063088 -0.551994 0.143066 1.966328 586 332 637 415
0.910182 0.164548 0.044812 -0.551994 0.140271 1.966328 586 332 637 416
0.926268 0.177650 0.050922 -0.552652 0.138590 1.966560 586 332 637 416
0.946914 0.149654 0.049741 -0.552652 0.138590 1.966560 586 332 637 416
0.899289 0.182269 0.042494 -0.553924 0.138135 1.966576 586 332 637 416
0.920105 0.198886 0.048431 -0.554120 0.137824 1.966560 586 333 637 416
0.939823 0.162935 0.048125 -0.554120 0.138135 1.966227 586 332 636 416
0.909785 0.182980 0.044820 -0.554543 0.138135 1.966560 586 332 636 416
0.922423 0.202122 0.049976 -0.554645 0.138297 1.966677 587 333 636 417
0.940752 0.173980 0.050247 -0.554645 0.138297 1.966676 587 332 636 416
0.905645 0.165568 0.047318 -0.555177 0.138296 1.966676 587 332 636 416
0.886898 0.198194 0.052001 -0.555177 0.138296 1.965411 587 333 636 416
0.913764 0.153452 0.050840 -0.555177 0.138296 1.965411 587 333 636 416
0.875634 0.146019 0.051686 -0.555177 0.138296 1.965411 587 333 636 416
0.840115 0.156471 0.057437 -0.554289 0.133704 1.964806 587 333 637 417
0.852438 0.106568 0.053523 -0.554081 0.133657 1.961708 587 332 637 417
0.823712 0.095539 0.060198 -0.554081 0.133378 1.957133 587 333 637 418
0.755761 0.097862 0.068704 -0.554081 0.133378 1.956425 588 333 638 418
0.758721 0.040183 0.061786 -0.554289 0.133378 1.955614 589 334 638 418
0.680169 0.063890 0.072775 -0.555242 0.132164 1.955614 590 333 640 416
0.710689 0.075745 0.071357 -0.559438 0.131598 1.955587 590 334 640 416
0.743618 0.018626 0.069916 -0.559918 0.131598 1.952359 591 334 641 420
0.670380 0.053697 0.083370 -0.562074 0.131598 1.952031 593 336 642 420
0.735702 0.084843 0.076446 -0.564403 0.127988 1.937891 595 337 644 421
0.799547 0.018110 0.074108 -0.564403 0.120560 1.922156 596 336 647 422
0.697022 -0.010879 0.099700 -0.564403 0.119447 1.912459 597 337 648 422
0.758172 0.060222 0.087188 -0.564403 0.116961 1.903401 597 337 648 423
0.812874 -0.005651 0.081618 -0.562670 0.116961 1.898474 597 337 648 423
0.731461 -0.077159 0.114450 -0.562296 0.116880 1.898474 597 338 648 424
0.710313 0.022510 0.089832 -0.562284 0.113737 1.898474 596 338 647 423
0.738976 -0.026127 0.079873 -0.555984 0.113737 1.898474 596 338 646 423
0.646169 -0.133889 0.106870 -0.555984 0.113737 1.901433 596 338 647 423
0.697314 0.009179 0.078372 -0.555984 0.113736 1.902222 596 338 646 422
0.686821 -0.023532 0.075022 -0.555984 0.113736 1.902223 596 338 646 423
0.601235 -0.174331 0.092784 -0.555988 0.113047 1.902228 596 338 646 424
0.633278 -0.025612 0.071247 -0.556074 0.113736 1.903801 596 338 646 423
0.615600 -0.023345 0.065614 -0.557098 0.113736 1.903801 596 338 646 423
0.559670 -0.199239 0.081090 -0.557098 0.113738 1.904544 596 336 647 422
0.580722 -0.035367 0.058716 -0.566444 0.117938 1.910602 598 333 649 419
0.558965 -0.054312 0.061210 -0.579789 0.121918 1.927508 600 330 649 415
0.542554 -0.173795 0.066290 -0.594304 0.141479 1.962772 601 328 650 412
0.517182 -0.084539 0.056479 -0.612669 0.143672 1.995222 605 329 654 412
0.494093 -0.121139 0.061848 -0.630266 0.144330 2.001533 605 328 655 412
0.516521 -0.222936 0.069360 -0.634862 0.144330 2.001533 606 329 656 412
0.465524 -0.158043 0.067598 -0.634862 0.144330 2.001533 605 329 656 414
0.460665 -0.206080 0.075111 -0.634862 0.144330 2.001533 605 330 655 414
0.506344 -0.258336 0.079504 -0.634862 0.141603 1.988299 605 330 655 417
0.449212 -0.219788 0.080317 -0.634804 0.141558 1.988296 605 332 655 418
0.459993 -0.290420 0.079757 -0.624796 0.126122 1.979710 604 332 655 419
0.509458 -0.299576 0.076999 -0.622630 0.125004 1.970726 604 333 655 418
0.480206 -0.258516 0.078024 -0.620108 0.124866 1.970239 604 332 655 418
0.507302 -0.323700 0.076199 -0.619936 0.124208 1.969145 605 333 655 420
0.540976 -0.299912 0.069765 -0.619674 0.123730 1.969145 605 333 655 420
0.506018 -0.265696 0.072830 -0.619635 0.123119 1.968485 605 333 655 419
0.534897 -0.308033 0.072973 -0.619091 0.121122 1.968224 605 333 655 419
0.540462 -0.251672 0.071790 -0.619091 0.121122 1.968224 605 333 655 420
0.494583 -0.240959 0.071768 -0.618697 0.122242 1.967520 604 334 655 420
0.517232 -0.308516 0.072352 -0.618675 0.122201 1.966074 604 334 655 420
0.506210 -0.240097 0.065185 -0.617806 0.122201 1.964771 604 334 655 420
0.470530 -0.249630 0.067648 -0.618241 0.120451 1.963764 604 334 655 421
0.479675 -0.278695 0.070475 -0.618241 0.117193 1.963748 604 334 655 421
0.468868 -0.255327 0.067778 -0.618241 0.117193 1.963551 604 334 655 421
0.444599 -0.222674 0.065698 -0.618241 0.117610 1.963551 604 334 655 421
0.457619 -0.242202 0.066303 -0.617806 0.117610 1.963551 604 334 655 421
