-0.396587 -0.893606 0.152488 -0.472602 0.262391 1.960606 560 290 608 367
-0.385904 -0.618915 0.156423 -0.474456 0.268278 1.963394 560 290 608 368
-0.309895 -0.732658 0.151897 -0.474456 0.268278 1.963593 560 290 608 368
-0.437935 -0.878009 0.156181 -0.474456 0.268278 1.964127 560 290 608 367
-0.180857 -0.450522 0.104237 -0.474368 0.269985 1.965406 560 290 608 367
-0.223807 -0.368571 0.083486 -0.474456 0.268975 1.964127 560 290 607 366
-0.398574 -0.768534 0.151791 -0.474456 0.268975 1.964127 560 290 607 367
-0.269212 -0.529412 0.122545 -0.479873 0.268278 1.964127 560 290 607 368
-0.398122 -0.688094 0.160874 -0.479873 0.268975 1.963888 560 290 607 367
-0.345116 -0.624626 0.134059 -0.480408 0.269985 1.963228 560 290 607 367
-0.280396 -0.455039 0.101409 -0.480408 0.269985 1.963228 560 290 608 367
-0.534255 -0.730271 0.166325 -0.480467 0.269988 1.963008 560 290 607 367
-0.394393 -0.508806 0.127405 -0.480526 0.269992 1.962787 560 290 607 367
-0.302172 -0.475372 0.112975 -0.480585 0.269995 1.962567 560 290 607 368
-0.683509 -0.747188 0.160826 -0.480644 0.269999 1.962346 560 290 608 368
-0.418651 -0.512152 0.133402 -0.480703 0.270002 1.962126 560 290 608 367
-0.326422 -0.479698 0.102674 -0.480762 0.270005 1.961906 560 290 607 367
-0.682761 -0.729931 0.165479 -0.480821 0.270009 1.961685 560 290 608 367
-0.428291 -0.490885 0.138064 -0.480880 0.270012 1.961465 561 290 608 367
-0.338270 -0.471108 0.101087 -0.480939 0.270015 1.961244 561 290 608 367
-0.578737 -0.633662 0.143208 -0.480998 0.270019 1.961024 560 290 608 367
-0.229302 -0.397454 0.133916 -0.481057 0.270022 1.960804 561 290 608 367
-0.128093 -0.450380 0.141691 -0.481057 0.270336 1.960717 560 290 608 367
-0.487227 -0.524488 0.108841 -0.481164 0.270336 1.960717 560 290 607 367
-0.368671 -0.397270 0.102992 -0.480389 0.270870 1.960717 560 290 607 368
-0.173205 -0.445331 0.138521 -0.482064 0.270521 1.959902 561 290 608 366
-0.011229 -0.346266 0.107164 -0.483232 0.271080 1.959417 561 290 607 365
-0.268201 -0.357026 0.137682 -0.484821 0.274614 1.958439 561 290 607 364
-0.152451 -0.395313 0.115395 -0.486409 0.278148 1.957461 561 290 607 365
-0.037813 -0.307980 0.095934 -0.487998 0.281682 1.956483 561 289 608 365
-0.249912 -0.289742 0.109568 -0.489586 0.285216 1.955505 562 289 608 364
-0.084731 -0.328365 0.106499 -0.491175 0.288750 1.954527 562 288 609 364
-0.066599 -0.254930 0.091740 -0.492764 0.292284 1.953549 562 288 610 364
-0.208690 -0.222764 0.091819 -0.494352 0.295819 1.952570 563 286 610 361
-0.060163 -0.225819 0.084120 -0.495941 0.299353 1.951592 569 284 615 357
-0.080667 -0.201788 0.074659 -0.497529 0.302887 1.950614 565 284 611 356
-0.130396 -0.176451 0.083360 -0.499118 0.306421 1.949636 565 284 611 354
-0.019808 -0.171340 0.080778 -0.500706 0.309955 1.948658 565 284 610 356
-0.108142 -0.165036 0.071233 -0.502295 0.313489 1.947680 564 285 609 356
-0.096409 -0.143196 0.072494 -0.503883 0.317023 1.946702 564 286 609 356
-0.010759 -0.124180 0.074482 -0.494906 0.316907 1.948976 564 286 609 355
-0.109374 -0.148981 0.065693 -0.494857 0.316907 1.948976 564 286 609 356
-0.078225 -0.126388 0.066958 -0.494353 0.316907 1.951879 564 286 608 355
-0.014187 -0.129387 0.065765 -0.491142 0.317145 1.951879 563 286 608 355
-0.077249 -0.156907 0.059540 -0.490389 0.316907 1.951879 563 286 607 356
-0.071867 -0.134265 0.060511 -0.490389 0.318070 1.953453 563 286 607 356
0.002833 -0.140077 0.059014 -0.491142 0.316907 1.953453 563 286 607 356
-0.046378 -0.157153 0.061366 -0.491142 0.317337 1.954113 563 286 607 356
-0.056819 -0.138333 0.064128 -0.491661 0.314457 1.955182 563 287 607 356
0.009440 -0.135618 0.068782 -0.492824 0.314457 1.956692 564 286 608 356
-0.044655 -0.150357 0.061285 -0.492937 0.311272 1.957184 564 286 608 356
-0.057403 -0.129731 0.064084 -0.494629 0.311272 1.958998 564 286 608 356
-0.034330 -0.142798 0.065702 -0.495128 0.311187 1.958998 564 286 608 355
-0.051182 -0.145711 0.058668 -0.495128 0.311187 1.958998 564 286 608 356
-0.069043 -0.138220 0.060064 -0.493332 0.309710 1.958998 564 286 608 355
-0.044543 -0.150283 0.062397 -0.493332 0.309710 1.958259 564 286 608 356
-0.061057 -0.145785 0.058912 -0.493332 0.309710 1.958013 564 286 609 355
-0.088640 -0.140512 0.059806 -0.495164 0.309710 1.955193 564 286 609 356
-0.106819 -0.137723 0.059493 -0.495164 0.308179 1.954450 564 286 609 356
-0.122255 -0.150200 0.062036 -0.494902 0.309319 1.954450 564 286 609 356
-0.119490 -0.137384 0.059298 -0.498672 0.309319 1.954450 564 286 609 356
-0.153620 -0.147316 0.064025 -0.500901 0.309319 1.954501 565 286 609 356
-0.150158 -0.153608 0.062753 -0.501715 0.308179 1.954501 565 286 610 356
-0.149832 -0.149029 0.055270 -0.501715 0.308179 1.952201 564 286 610 356
-0.178348 -0.134667 0.064838 -0.502906 0.308179 1.954501 564 286 610 357
-0.171408 -0.150266 0.064867 -0.502906 0.307963 1.955076 565 286 610 356
-0.166575 -0.146523 0.055460 -0.502906 0.307963 1.955076 564 286 609 357
-0.187022 -0.131811 0.064609 -0.501715 0.307963 1.955076 564 286 609 356
-0.201169 -0.148910 0.069954 -0.503324 0.311238 1.954213 564 286 609 357
-0.172397 -0.152097 0.054589 -0.495477 0.311238 1.954213 564 286 609 357
-0.187878 -0.140808 0.061538 -0.494807 0.312868 1.955076 563 286 608 357
-0.207612 -0.149705 0.064538 -0.492840 0.312868 1.955740 563 286 608 357
-0.147279 -0.172205 0.064779 -0.491450 0.313291 1.957320 563 286 608 357
-0.194355 -0.154278 0.058596 -0.491450 0.313291 1.954213 563 286 608 356
-0.191204 -0.144260 0.064769 -0.489008 0.313291 1.953212 563 286 608 357
-0.139225 -0.179484 0.064455 -0.486405 0.313291 1.953212 563 286 607 356
-0.219938 -0.164830 0.055770 -0.485649 0.313291 1.951562 563 286 607 357
-0.188157 -0.146396 0.063814 -0.485649 0.310133 1.950701 562 286 608 358
-0.145784 -0.178788 0.063788 -0.484561 0.310133 1.949965 562 286 607 358
-0.206763 -0.158191 0.056615 -0.485649 0.310133 1.948429 562 286 607 358
-0.174675 -0.140902 0.058637 -0.485649 0.310263 1.948429 562 286 607 358
-0.143616 -0.171799 0.058366 -0.488128 0.313018 1.948429 563 286 607 357
-0.189075 -0.164319 0.055627 -0.488128 0.313018 1.948429 562 286 607 357
-0.188144 -0.142068 0.059416 -0.488128 0.316535 1.948429 563 286 607 357
-0.088899 -0.165759 0.062879 -0.488128 0.317146 1.948429 563 286 608 357
-0.126643 -0.157632 0.059336 -0.488128 0.318090 1.948680 563 286 607 356
-0.140597 -0.151071 0.066492 -0.488128 0.318090 1.948680 563 286 607 356
-0.007249 -0.146737 0.066338 -0.490995 0.318090 1.948886 563 286 607 356
-0.090384 -0.150250 0.064658 -0.488891 0.317146 1.951541 563 286 608 357
-0.070532 -0.135634 0.068856 -0.490995 0.313895 1.949567 563 286 608 356
-0.024399 -0.136348 0.063907 -0.491196 0.311635 1.949567 563 286 608 357
-0.067090 -0.163209 0.065848 -0.491691 0.309621 1.950647 564 286 608 357
-0.008569 -0.137233 0.069615 -0.491774 0.309621 1.950230 564 286 609 356
-0.020873 -0.130852 0.066921 -0.491774 0.309621 1.950647 564 286 609 356
-0.080541 -0.152652 0.065517 -0.492666 0.311635 1.950647 564 286 609 356
0.025755 -0.138456 0.070588 -0.494294 0.313026 1.950647 564 286 609 356
-0.025201 -0.123571 0.065048 -0.495962 0.313026 1.950714 564 286 609 356
-0.018540 -0.146894 0.064219 -0.495962 0.313026 1.951265 564 286 609 356
0.032059 -0.144724 0.071209 -0.498727 0.317262 1.951299 564 286 610 356
-0.146561 -0.184608 0.063012 -0.498727 0.313026 1.952608 564 286 609 356
-0.199138 -0.195445 0.061936 -0.501347 0.317262 1.952608 564 286 609 356
0.036497 -0.152102 0.066435 -0.495962 0.312038 1.952608 564 286 609 357
0.043160 -0.141817 0.061752 -0.501295 0.310696 1.951265 564 286 610 356
0.065991 -0.193803 0.075097 -0.501295 0.310696 1.952867 564 286 609 357
0.037418 -0.139670 0.060300 -0.501566 0.308809 1.950775 564 286 610 357
-0.008423 -0.149854 0.062322 -0.501295 0.308809 1.950775 564 286 610 356
0.004113 -0.186765 0.072141 -0.501813 0.308809 1.950775 564 286 609 356
0.003386 -0.152999 0.061414 -0.501295 0.307259 1.952525 564 286 609 356
-0.046550 -0.166619 0.063404 -0.501295 0.307259 1.952867 564 286 610 357
0.027414 -0.187079 0.068912 -0.499529 0.306787 1.954121 564 285 610 358
-0.017216 -0.149312 0.060534 -0.499529 0.303009 1.954921 564 286 610 357
-0.025845 -0.161006 0.058549 -0.499529 0.302968 1.954921 564 286 610 357
0.040962 -0.170367 0.064999 -0.499529 0.301672 1.954921 565 286 610 357
-0.025055 -0.139362 0.060700 -0.498578 0.302154 1.954921 564 286 610 358
-0.036386 -0.161759 0.057723 -0.498578 0.302154 1.954629 565 286 609 357
0.065928 -0.170284 0.067259 -0.495708 0.301672 1.954629 565 286 610 357
-0.050759 -0.149404 0.060926 -0.498578 0.300600 1.954629 565 286 609 357
-0.044748 -0.142681 0.057275 -0.495708 0.301672 1.954629 565 286 609 357
-0.000820 -0.159024 0.063148 -0.495708 0.302154 1.954629 565 286 609 357
-0.039137 -0.124920 0.058579 -0.495742 0.302154 1.954629 565 286 609 357
-0.053546 -0.121455 0.055364 -0.495742 0.302112 1.958635 565 286 609 357
-0.019291 -0.130118 0.061392 -0.501885 0.302112 1.959204 565 286 610 357
-0.047170 -0.108024 0.055677 -0.503847 0.302139 1.959233 565 286 610 357
-0.100569 -0.135238 0.056313 -0.501885 0.302139 1.959233 565 286 610 357
-0.080677 -0.147944 0.057204 -0.502847 0.302139 1.959233 565 286 610 357
-0.092191 -0.131884 0.059091 -0.502847 0.302112 1.958635 565 286 610 357
-0.149615 -0.150574 0.060070 -0.503847 0.302139 1.958494 565 286 610 357
-0.129124 -0.172686 0.057814 -0.504431 0.302139 1.955871 565 286 610 357
-0.157750 -0.142248 0.066264 -0.504431 0.301174 1.954891 565 286 610 357
-0.228546 -0.183298 0.060418 -0.504268 0.300773 1.954891 565 286 610 357
-0.205127 -0.216399 0.054520 -0.504268 0.300773 1.955871 565 286 610 357
-0.208223 -0.192377 0.072045 -0.504268 0.300721 1.955871 565 286 610 357
-0.247173 -0.263301 0.069967 -0.504268 0.299584 1.956393 564 285 610 360
-0.321951 -0.253118 0.064129 -0.503946 0.294647 1.956485 564 286 610 361
-0.242213 -0.299164 0.090765 -0.495952 0.292760 1.956524 564 288 610 361
-0.273052 -0.360100 0.091081 -0.495952 0.292546 1.956900 564 287 610 361
-0.250178 -0.346771 0.084499 -0.495952 0.274712 1.957060 564 288 610 362
-0.327844 -0.233048 0.055862 -0.495952 0.274712 1.956524 564 288 610 361
-0.285459 -0.515810 0.118066 -0.503014 0.274131 1.957060 564 288 610 362
-0.281949 -0.359978 0.086548 -0.507375 0.272404 1.957342 564 288 610 362
-0.351338 -0.506960 0.115797 -0.507375 0.268905 1.958778 564 288 611 362
-0.346483 -0.735973 0.146811 -0.507375 0.262804 1.964969 564 290 611 366
-0.301156 -0.426803 0.120674 -0.503014 0.255948 1.971265 564 290 612 369
-0.431735 -0.531073 0.114188 -0.502937 0.256192 1.971348 564 290 611 370
-0.359548 -0.874598 0.183162 -0.502860 0.256435 1.971430 563 291 611 370
-0.290853 -0.491299 0.145031 -0.502783 0.256678 1.971513 563 290 611 370
-0.345914 -0.490188 0.123724 -0.502706 0.256921 1.971595 563 291 611 370
-0.276768 -0.997895 0.224482 -0.502629 0.257165 1.971678 563 290 611 370
-0.286973 -0.156121 0.063594 -0.502553 0.257408 1.971760 563 290 610 370
-0.293548 -0.487772 0.143644 -0.502476 0.257651 1.971842 563 290 611 370
-0.172177 -0.895879 0.173915 -0.502399 0.257894 1.971925 563 290 611 370
-0.192268 -0.641672 0.216261 -0.502322 0.258138 1.972007 563 290 611 370
-0.348006 -0.635528 0.188999 -0.502245 0.258381 1.972090 563 290 611 370
-0.204730 -0.681322 0.135041 -0.502168 0.258624 1.972172 563 290 611 370
-0.281985 -0.701505 0.237310 -0.502091 0.258867 1.972254 563 290 611 370
-0.214610 -0.180174 0.077232 -0.502014 0.259111 1.972337 563 290 611 370
-0.124157 -0.526285 0.124835 -0.501937 0.259354 1.972419 563 290 611 370
-0.356461 -0.556231 0.170372 -0.501860 0.259597 1.972502 563 290 611 370
-0.326963 -0.627130 0.148673 -0.501783 0.259840 1.972584 563 290 611 370
-0.364328 -0.312575 0.089623 -0.501706 0.260084 1.972667 563 290 611 370
-0.096823 -0.603595 0.182191 -0.501629 0.260327 1.972749 563 290 611 370
-0.251377 -0.434756 0.107012 -0.501552 0.260570 1.972831 563 290 611 370
-0.314993 -0.321775 0.089413 -0.501476 0.260813 1.972914 563 290 611 370
-0.043687 -0.399669 0.124774 -0.501399 0.261057 1.972996 564 290 611 369
-0.015621 -0.197067 0.101557 -0.501322 0.261300 1.973079 564 290 611 368
-0.020381 -0.267413 0.078089 -0.501245 0.261543 1.973161 564 290 611 368
-0.234986 -0.154623 0.049228 -0.501168 0.261786 1.973244 564 290 611 366
-0.074666 -0.166142 0.078626 -0.501091 0.262030 1.973326 564 288 611 362
-0.044275 -0.225377 0.071016 -0.501014 0.262273 1.973408 565 286 611 361
-0.005902 -0.181642 0.075305 -0.509902 0.262319 1.973408 569 285 617 361
-0.017772 -0.168596 0.079913 -0.522240 0.269459 1.965542 572 284 617 357
-0.224176 -0.155963 0.059290 -0.529935 0.321840 1.951009 572 284 616 354
0.021800 -0.116843 0.063859 -0.530784 0.321840 1.950155 570 286 615 354
0.004264 -0.136821 0.081230 -0.532406 0.321840 1.949320 570 286 614 352
0.047754 -0.183482 0.078144 -0.532406 0.326298 1.949320 570 286 614 352
0.049107 -0.114099 0.066934 -0.530784 0.326298 1.949914 570 286 614 354
-0.058996 -0.103078 0.087081 -0.529935 0.320526 1.950155 570 286 614 354
0.052275 -0.193412 0.084805 -0.522721 0.317220 1.951009 566 287 610 354
0.103119 -0.141440 0.073703 -0.521464 0.316392 1.951444 566 287 610 354
-0.072797 -0.116632 0.096424 -0.504048 0.314845 1.955502 565 287 609 355
0.064341 -0.245498 0.098600 -0.501394 0.314845 1.958878 566 288 609 356
0.090435 -0.208513 0.083417 -0.496227 0.314113 1.959179 565 287 609 356
-0.057933 -0.186631 0.118725 -0.495131 0.314113 1.959179 565 287 609 356
0.152251 -0.339773 0.122417 -0.495064 0.308019 1.958878 564 286 609 357
0.128262 -0.304186 0.092831 -0.482045 0.292827 1.955502 562 286 609 360
-0.008764 -0.264392 0.155909 -0.480104 0.280681 1.953471 559 288 605 362
0.047287 -0.433190 0.128057 -0.475259 0.261375 1.929678 551 286 602 369
0.199407 -0.364558 0.106837 -0.440921 0.254083 1.911194 543 287 594 369
0.071034 -0.390278 0.209360 -0.406583 0.246792 1.892710 538 288 589 371
0.099615 -0.521542 0.170304 -0.372246 0.239501 1.874226 528 288 587 376
0.282218 -0.417157 0.148631 -0.337908 0.232209 1.855742 526 290 576 375
0.262977 -0.531251 0.333965 -0.303571 0.224918 1.837258 524 293 574 381
0.154704 -0.569835 0.254221 -0.269233 0.217626 1.818773 518 294 569 382
0.533518 -0.442040 0.194175 -0.234895 0.210335 1.800289 510 289 569 376
0.716905 -0.614812 0.325199 -0.200558 0.203043 1.781805 506 293 556 380
-0.886971 -0.508139 0.100955 -0.166220 0.195752 1.763321 497 288 558 377
0.742515 -0.398258 0.217550 -0.165829 0.195752 1.747495 492 284 558 381
0.879409 -0.556070 0.298958 -0.163752 0.199629 1.747958 487 287 550 378
0.645490 -0.430433 0.337405 -0.161675 0.203506 1.748421 484 292 545 382
1.149389 -0.351463 0.213058 -0.159597 0.207383 1.748884 483 292 544 383
0.404682 -0.584153 0.403521 -0.157520 0.211260 1.749347 483 292 544 382
0.314147 -0.480227 0.408070 -0.155443 0.215137 1.749810 483 292 545 384
1.293724 -0.343051 0.179458 -0.153366 0.219013 1.750273 484 292 545 384
-0.286717 -0.579351 0.353801 -0.151288 0.222890 1.750736 486 292 552 386
-0.344048 -0.529196 0.341781 -0.149211 0.226767 1.751199 487 288 551 377
1.387345 -0.384651 0.151514 -0.147134 0.230644 1.751662 487 288 551 377
-0.177136 -0.604409 0.335504 -0.145056 0.234521 1.752125 487 287 551 378
0.124380 -0.518136 0.421522 -0.142979 0.238398 1.752588 487 286 552 378
1.508729 -0.373520 0.127693 -0.144141 0.238398 1.752637 488 286 553 378
-0.718661 -0.572598 0.236678 -0.144269 0.241251 1.768402 490 286 555 378
-0.763420 -0.494902 0.195450 -0.144269 0.251301 1.775807 492 286 557 378
1.439844 -0.370501 0.111660 -0.147266 0.251322 1.779164 494 286 559 378
-0.805859 -0.583252 0.199745 -0.158389 0.251322 1.779874 496 287 559 376
-0.785692 -0.489594 0.161759 -0.168403 0.251322 1.796264 499 286 561 376
1.335458 -0.442162 0.107787 -0.171125 0.251322 1.796264 502 286 561 372
0.435513 -0.611464 0.284429 -0.173909 0.244663 1.810158 505 285 569 376
0.232439 -0.714156 0.281358 -0.175381 0.241372 1.822623 510 286 573 376
1.056251 -0.496712 0.139377 -0.187891 0.230034 1.830139 514 285 574 374
0.186966 -0.564080 0.299597 -0.278049 0.195972 1.830141 523 288 573 372
-0.188141 -0.692923 0.223324 -0.294224 0.195972 1.837175 526 287 587 375
0.753351 -0.524473 0.158726 -0.322513 0.195972 1.851547 536 289 589 390
0.215114 -0.464463 0.253918 -0.373869 0.195972 1.862622 540 286 593 374
-0.301558 -0.653002 0.231729 -0.386748 0.224872 1.864873 543 288 594 374
0.308325 -0.566501 0.183578 -0.388350 0.228744 1.881245 548 286 601 377
0.145630 -0.356740 0.196737 -0.391181 0.231850 1.883349 550 286 607 372
-0.052654 -0.417726 0.149736 -0.391181 0.232812 1.884882 554 280 603 362
-0.489842 -0.510331 0.163123 -0.391181 0.284020 1.898651 552 277 601 356
-0.617065 -0.413657 0.146161 -0.388471 0.281729 1.909168 550 276 600 356
0.095133 -0.327261 0.138610 -0.385761 0.279439 1.919685 551 277 600 359
-0.033621 -0.457815 0.168013 -0.383051 0.277148 1.930201 546 278 604 357
0.085232 -0.270926 0.162324 -0.380341 0.274858 1.940718 546 278 594 359
0.258459 -0.257441 0.133789 -0.377631 0.272567 1.951235 543 278 592 360
0.008845 -0.412717 0.229282 -0.374922 0.270277 1.961751 543 279 592 361
-0.202146 -0.364697 0.180574 -0.372212 0.267986 1.972268 542 279 591 360
0.399868 -0.174272 0.105455 -0.369502 0.265696 1.982785 543 280 591 360
0.321926 -0.356930 0.172199 -0.369106 0.258280 1.971473 542 279 591 359
0.126331 -0.382961 0.213128 -0.369106 0.254292 1.969075 542 279 591 360
0.376768 -0.177113 0.141427 -0.369106 0.250106 1.965017 543 280 591 360
0.451536 -0.352036 0.200393 -0.369502 0.249896 1.959339 544 280 592 360
0.355196 -0.462672 0.260716 -0.371263 0.249832 1.959339 544 280 592 362
0.520937 -0.261596 0.169532 -0.372080 0.249832 1.958733 545 280 593 363
0.581993 -0.259879 0.131870 -0.372594 0.245424 1.958733 545 281 594 365
0.747695 -0.421798 0.180910 -0.376428 0.249176 1.958733 545 282 595 367
0.547580 -0.153662 0.087216 -0.376428 0.245424 1.959950 548 284 600 371
0.636708 -0.174426 0.102201 -0.386647 0.247230 1.958980 548 284 600 370
0.824301 -0.386339 0.151873 -0.396867 0.249036 1.958010 548 285 600 372
0.733656 -0.272008 0.143163 -0.407086 0.250842 1.957040 548 284 600 372
0.694455 -0.201739 0.121784 -0.417305 0.252647 1.956070 549 285 600 370
0.813403 -0.330993 0.124926 -0.427525 0.254453 1.955100 549 285 601 370
0.715141 -0.250414 0.120712 -0.437744 0.256259 1.954130 550 285 601 370
0.971918 -0.141628 0.153722 -0.447963 0.258064 1.953160 552 282 603 369
0.741678 -0.256352 0.126562 -0.458182 0.259870 1.952190 554 281 605 368
0.457569 -0.177974 0.130622 -0.468402 0.261676 1.951220 554 281 606 370
0.329086 -0.073563 0.141721 -0.478621 0.263481 1.950250 558 279 615 365
0.836071 -0.047670 0.254894 -0.488840 0.265287 1.949280 563 280 622 359
0.317628 0.118152 0.609168 -0.499060 0.267093 1.948310 568 279 630 365
1.609347 -0.037948 0.229695 -0.509279 0.268898 1.947340 575 279 635 360
1.121989 -0.084426 0.344885 -0.519498 0.270704 1.946370 581 280 649 362
0.150524 0.145777 1.205559 -0.529717 0.272510 1.945401 584 280 650 358
1.750707 -0.058522 0.239275 -0.562702 0.272510 1.946059 587 280 652 360
1.521206 -0.179367 0.307027 -0.564261 0.270840 1.948845 591 278 654 358
1.271581 -0.139414 0.612914 -0.629759 0.245075 1.956866 596 282 663 366
1.753762 -0.116035 0.190570 -0.629759 0.245075 1.956866 597 284 663 362
1.675897 -0.257883 0.219489 -0.629759 0.245075 1.956866 598 286 662 364
1.641530 -0.255601 0.285575 -0.629759 0.245075 1.956866 591 279 652 361
1.699116 -0.272928 0.134797 -0.588600 0.246234 1.924879 588 278 650 364
1.508783 -0.386715 0.196548 -0.584665 0.242832 1.921088 588 280 649 364
1.555832 -0.291698 0.210273 -0.580731 0.239430 1.917298 587 279 649 368
1.589788 -0.265949 0.112031 -0.576796 0.236028 1.913507 586 280 649 367
1.501428 -0.334732 0.144215 -0.572861 0.232626 1.909716 586 280 649 370
1.560164 -0.306153 0.137576 -0.568927 0.229224 1.905925 585 280 650 373
1.472824 -0.303243 0.112458 -0.564992 0.225822 1.902134 585 280 649 371
1.367928 -0.299751 0.152097 -0.561057 0.222420 1.898343 585 280 649 372
1.424486 -0.240043 0.130834 -0.557122 0.219018 1.894553 585 280 649 372
1.297082 -0.253330 0.107426 -0.553188 0.215616 1.890762 584 279 647 372
1.215160 -0.235550 0.145852 -0.549253 0.212214 1.886971 583 278 645 367
1.252700 -0.162895 0.116975 -0.545318 0.208812 1.883180 582 278 645 372
1.125225 -0.162744 0.104467 -0.541384 0.205410 1.879389 580 279 644 375
1.117616 -0.128629 0.132335 -0.537449 0.202008 1.875598 580 281 644 372
1.163596 -0.080801 0.107167 -0.533514 0.198606 1.871808 579 284 643 372
1.079689 -0.111453 0.110404 -0.529580 0.195205 1.868017 579 287 642 372
1.075978 -0.059225 0.146068 -0.525645 0.191803 1.864226 576 288 637 372
1.152497 -0.055257 0.104562 -0.521710 0.188401 1.860435 575 289 636 371
1.072200 -0.069512 0.118141 -0.517776 0.184999 1.856644 574 290 636 370
1.073526 -0.024738 0.142465 -0.513841 0.181597 1.852854 573 294 636 383
1.100576 -0.068855 0.101659 -0.509906 0.178195 1.849063 571 295 634 388
1.110526 -0.046066 0.122710 -0.505972 0.174793 1.845272 569 296 631 392
1.105093 -0.013472 0.131442 -0.502037 0.171391 1.841481 566 300 628 392
1.198654 -0.068767 0.108319 -0.498102 0.167989 1.837690 563 300 626 392
1.141034 -0.088427 0.140143 -0.494168 0.164587 1.833899 562 302 625 392
1.169465 -0.036126 0.125173 -0.490233 0.161185 1.830109 562 302 625 394
1.234468 -0.033918 0.094429 -0.485441 0.149958 1.826424 560 302 625 393
1.269137 -0.026653 0.151971 -0.481865 0.145021 1.808661 561 304 624 392
1.227809 -0.012707 0.116406 -0.478625 0.144181 1.808661 560 304 624 393
1.300729 0.016742 0.090089 -0.476211 0.144181 1.812432 561 303 624 393
1.292969 -0.013946 0.126811 -0.476211 0.144181 1.808661 561 303 625 392
1.291388 -0.007332 0.108397 -0.478625 0.143821 1.812432 561 302 625 392
1.292634 0.017575 0.103088 -0.478625 0.142872 1.812432 561 302 625 394
1.226310 -0.022954 0.110860 -0.476726 0.151401 1.817402 561 300 625 393
1.240443 -0.013980 0.092466 -0.474827 0.159929 1.822372 560 296 625 389
1.167200 0.052807 0.079624 -0.472929 0.168458 1.827341 556 292 619 388
1.283402 -0.026501 0.097010 -0.471030 0.176987 1.832311 556 291 615 374
0.956037 0.020977 0.094146 -0.469131 0.185515 1.837281 556 290 614 372
0.894248 -0.039172 0.081594 -0.467233 0.194044 1.842251 555 289 614 372
0.767088 -0.072807 0.089011 -0.465334 0.202573 1.847221 555 289 613 370
0.665534 -0.001116 0.084385 -0.463435 0.211101 1.852190 555 288 612 368
0.632131 -0.066721 0.073220 -0.461537 0.219630 1.857160 553 284 610 364
0.498428 -0.096847 0.079046 -0.459638 0.228159 1.862130 552 282 610 362
0.497652 -0.064813 0.081980 -0.457739 0.236687 1.867100 553 282 610 362
0.410325 -0.111935 0.073514 -0.455841 0.245216 1.872069 559 280 607 361
0.440641 -0.062000 0.069556 -0.453942 0.253745 1.877039 562 275 608 352
0.210297 -0.067783 0.072260 -0.452043 0.262273 1.882009 561 275 606 349
0.205357 -0.059955 0.070121 -0.450145 0.270802 1.886979 559 276 604 347
0.129428 -0.145571 0.059689 -0.448246 0.279331 1.891949 557 277 602 346
0.108594 -0.128537 0.059819 -0.446347 0.287859 1.896918 554 276 601 347
0.038280 -0.086330 0.060109 -0.444449 0.296388 1.901888 553 276 600 350
0.091137 -0.123933 0.061369 -0.443717 0.298769 1.901888 553 278 599 352
-0.119541 -0.129880 0.061934 -0.443717 0.298769 1.901677 553 278 599 351
-0.046360 -0.100686 0.055008 -0.443717 0.298769 1.901312 552 278 599 352
-0.127450 -0.154501 0.056435 -0.440501 0.298477 1.897090 552 276 598 352
-0.119368 -0.135049 0.055840 -0.440501 0.298477 1.893968 551 276 598 352
-0.061948 -0.104783 0.055952 -0.440697 0.298855 1.891790 550 275 598 351
-0.097692 -0.134635 0.058061 -0.440697 0.301532 1.887952 547 273 593 352
-0.101845 -0.115156 0.058731 -0.440697 0.300760 1.883587 547 274 592 352
-0.082868 -0.125177 0.053760 -0.440501 0.301532 1.883457 546 274 592 352
-0.061557 -0.124358 0.072928 -0.431461 0.301532 1.877811 546 275 591 354
-0.092540 -0.103947 0.066306 -0.426349 0.301532 1.875288 546 275 591 354
-0.098816 -0.133877 0.051462 -0.422035 0.300760 1.875288 545 275 591 354
-0.053437 -0.108602 0.074670 -0.412551 0.300736 1.874879 544 274 590 354
-0.065826 -0.100445 0.067901 -0.403336 0.297321 1.874535 543 274 590 354
-0.097981 -0.148072 0.066526 -0.382054 0.286757 1.872383 543 274 590 354
-0.022031 -0.108950 0.091763 -0.382054 0.286757 1.870743 543 274 590 354
-0.034004 -0.109723 0.077172 -0.382054 0.286757 1.866930 543 274 590 354
-0.158343 -0.172949 0.078081 -0.382054 0.286757 1.866610 543 274 590 354
