-0.106085 0.018879 0.054230 -0.414287 0.000000 1.784739 562 384 608 465
-0.069132 0.021413 0.050018 -0.414726 0.000000 1.785659 563 384 609 463
0.031155 -0.122560 0.077007 -0.415334 -0.002703 1.790557 563 383 609 460
-0.061237 -0.022519 0.059081 -0.415507 -0.005792 1.790766 563 383 610 462
-0.089278 0.020389 0.061634 -0.415334 -0.007311 1.790766 563 383 610 462
-0.042226 0.012605 0.073298 -0.415334 -0.008752 1.792668 563 382 609 461
-0.071314 0.003830 0.061876 -0.415334 -0.008752 1.794436 562 382 609 462
-0.119737 0.051357 0.055858 -0.415507 -0.008752 1.794988 562 383 609 462
-0.054298 0.029533 0.067076 -0.413750 -0.008913 1.796348 563 383 609 462
-0.073471 0.018839 0.056017 -0.413750 -0.008913 1.796348 563 382 609 463
-0.134031 0.058237 0.058627 -0.413750 -0.009169 1.798106 562 382 609 463
-0.065504 0.051770 0.065012 -0.416168 -0.008913 1.798774 562 382 608 462
-0.056077 0.025991 0.060412 -0.417321 -0.008913 1.798774 562 381 608 461
-0.133477 0.064258 0.057535 -0.417668 -0.008913 1.800875 563 381 609 461
-0.087311 0.053726 0.056272 -0.417843 -0.008805 1.800875 563 381 609 460
-0.065528 0.049454 0.057430 -0.420388 -0.008534 1.798992 562 380 609 460
-0.128587 0.076733 0.052902 -0.421370 -0.007880 1.800108 563 380 609 461
-0.102560 0.064220 0.052287 -0.428481 -0.007880 1.800108 563 380 609 461
-0.047709 0.056188 0.062947 -0.428667 -0.008805 1.799296 563 380 609 461
-0.119148 0.080206 0.053503 -0.428667 -0.007880 1.799296 563 380 609 461
-0.123700 0.052007 0.054475 -0.428670 -0.007179 1.799296 563 380 609 460
-0.061096 0.063755 0.056993 -0.428670 -0.006386 1.800108 563 380 609 461
-0.089681 0.075174 0.055297 -0.430204 -0.006373 1.800175 563 376 610 457
-0.059480 0.036019 0.061404 -0.440969 0.002050 1.810404 565 371 611 450
0.035173 0.069729 0.059368 -0.453045 0.017493 1.841138 565 367 610 442
-0.104751 0.078957 0.057641 -0.468552 0.043052 1.865288 565 366 609 440
-0.065357 0.024728 0.063514 -0.469964 0.051071 1.894318 565 364 610 436
0.053390 0.051185 0.061003 -0.472753 0.052650 1.899989 565 364 609 436
-0.125794 0.051876 0.056925 -0.473069 0.052650 1.899989 565 365 609 437
-0.044217 0.008837 0.066666 -0.473752 0.052650 1.899989 565 365 610 438
0.132232 0.021993 0.072911 -0.477693 0.051391 1.899989 565 365 610 438
-0.134682 0.026380 0.052356 -0.477693 0.051071 1.895324 568 367 613 440
0.030261 -0.041882 0.084345 -0.477974 0.051055 1.894626 568 368 614 440
0.224244 -0.109599 0.108576 -0.478422 0.046489 1.894626 569 367 617 442
-0.142103 -0.254726 0.248022 -0.480920 0.039725 1.894626 577 366 625 443
-0.305666 -0.141449 0.175441 -0.489139 0.039725 1.894626 581 366 630 444
-0.271646 -0.188800 0.108903 -0.503136 0.039725 1.896100 586 364 635 444
-0.084974 -0.095193 0.099547 -0.558893 0.039725 1.903439 591 364 638 441
0.193969 -0.187883 0.155818 -0.563018 0.047497 1.911486 593 361 639 440
-0.131617 -0.117537 0.110618 -0.563018 0.052786 1.918771 591 359 637 438
-0.018732 -0.177751 0.150115 -0.563018 0.052786 1.921805 584 361 629 439
0.317298 -0.310415 0.225564 -0.563018 0.052786 1.925142 578 363 623 440
0.837556 -0.809093 0.274675 -0.542795 0.052786 1.925142 575 364 621 442
0.058347 -0.277101 0.220255 -0.537279 0.035427 1.925142 575 365 620 445
0.211729 -0.318523 0.457210 -0.532263 0.034471 1.921805 574 372 619 456
1.014035 -0.909803 0.495484 -0.524402 -0.019192 1.919788 574 375 619 460
-0.680212 -0.696714 0.258898 -0.529037 -0.039516 1.904937 573 378 619 462
0.576951 -0.432718 0.549650 -0.532263 -0.047775 1.904937 573 378 619 460
0.911368 -0.825267 0.520758 -0.532263 -0.047775 1.897034 573 380 619 461
0.286518 -0.277524 0.506681 -0.529037 -0.047775 1.896379 573 380 619 460
0.793635 -0.471401 0.619093 -0.529037 -0.047775 1.896379 573 380 619 460
0.684687 -0.605214 0.635577 -0.529037 -0.047775 1.896379 573 380 619 460
0.638830 -0.337865 0.575944 -0.540020 -0.052298 1.899562 574 381 619 459
0.840281 -0.358742 0.714177 -0.541940 -0.055395 1.904989 574 380 619 460
0.696610 -0.424392 0.668200 -0.541940 -0.055395 1.904989 573 379 619 460
0.611383 -0.193424 0.640401 -0.542838 -0.056368 1.905273 573 379 619 460
0.878370 -0.339745 0.690574 -0.543565 -0.056368 1.907915 573 380 618 460
0.717650 -0.396890 0.656956 -0.544270 -0.056368 1.910709 573 379 618 461
0.688052 -0.218549 0.559470 -0.543565 -0.056329 1.907915 573 379 618 460
0.811449 -0.353858 0.775984 -0.543565 -0.056329 1.907915 573 379 618 460
0.134824 -0.212089 0.557248 -0.543565 -0.056329 1.907915 573 379 619 461
0.093991 -0.073726 0.435340 -0.543565 -0.056166 1.907915 573 379 619 460
-0.020011 -0.161752 0.710820 -0.535615 -0.055587 1.907137 573 379 618 461
-0.219967 -0.022937 0.287334 -0.535146 -0.055587 1.907137 573 379 618 460
-0.192912 0.071627 0.262946 -0.535146 -0.055501 1.907137 573 379 618 460
-0.210611 -0.010529 0.395696 -0.535615 -0.055501 1.907606 573 378 618 460
-0.303445 0.095649 0.214096 -0.535615 -0.055501 1.907606 572 378 618 461
-0.355820 0.179959 0.226815 -0.535146 -0.052496 1.907137 572 378 618 462
-0.431216 0.125777 0.287736 -0.535615 -0.051847 1.907606 572 378 618 462
-0.300120 0.202476 0.306794 -0.544339 -0.051029 1.912062 573 378 618 462
0.124792 -0.386458 0.330388 -0.544630 -0.049802 1.912906 574 378 619 462
0.249930 -0.308958 0.165664 -0.546108 -0.047888 1.912906 576 378 621 463
-0.251991 0.068590 0.216589 -0.554126 -0.040532 1.907378 584 373 627 456
0.097533 -0.467348 0.231447 -0.568515 -0.023816 1.910573 591 369 637 452
0.242966 -0.349404 0.118727 -0.572546 0.005825 1.910573 596 365 644 445
-0.143169 -0.114491 0.180726 -0.572546 0.021701 1.907378 598 365 647 444
0.056985 -0.415606 0.186997 -0.572546 0.028740 1.907378 595 364 643 442
0.184462 -0.424311 0.113019 -0.572546 0.029878 1.905171 589 362 638 440
-0.106889 0.197046 0.075831 -0.554004 0.029878 1.902414 581 362 630 436
-0.215681 0.206172 0.077507 -0.517278 0.028740 1.899546 574 366 621 441
-0.287141 0.058895 0.075444 -0.470679 0.028740 1.888760 569 372 618 448
-0.085319 0.126404 0.065886 -0.461225 0.021569 1.831661 569 376 615 454
-0.235675 0.142263 0.072121 -0.460099 0.020460 1.784469 568 377 616 453
-0.222994 0.028995 0.087656 -0.458848 0.020460 1.784469 569 376 616 455
-0.125570 0.089159 0.081369 -0.458848 0.020460 1.784469 566 376 612 456
-0.284340 0.099645 0.086843 -0.460099 0.019866 1.784469 566 376 612 454
-0.284870 0.009975 0.091600 -0.461225 0.019866 1.786038 568 376 615 453
-0.218696 0.068363 0.082896 -0.464636 0.019866 1.786096 568 376 615 454
-0.383841 0.067825 0.100358 -0.464636 0.019866 1.786328 568 376 615 454
-0.387267 -0.006832 0.107094 -0.464636 0.018596 1.786922 566 376 612 456
-0.456584 0.031613 0.092651 -0.467687 0.018596 1.793981 564 376 611 458
-0.648140 0.002864 0.106518 -0.467990 0.018581 1.810628 557 372 606 454
-1.232081 -0.096135 0.093044 -0.468160 0.015216 1.811636 542 372 604 440
-0.658959 -0.013888 0.112995 -0.467990 0.015191 1.868077 534 372 594 438
-1.109986 -0.052251 0.104537 -0.460896 0.009339 1.934122 530 372 587 440
-1.291568 -0.037311 0.087718 -0.460896 0.003002 1.934429 527 375 585 450
-1.254786 0.111898 0.098654 -0.460896 0.000364 1.938427 520 376 578 456
-1.138474 -0.111326 0.123680 -0.423891 -0.005595 1.938427 516 381 577 456
-1.079116 -0.133692 0.143347 -0.422980 -0.016873 1.938427 515 382 577 457
-0.961970 -0.138275 0.163931 -0.418958 -0.016873 1.934429 515 382 577 458
-1.004331 -0.179535 0.177536 -0.418958 -0.016873 1.925420 515 382 576 456
-1.024872 -0.158032 0.210257 -0.421320 -0.018570 1.921915 516 383 577 458
-0.731912 -0.096886 0.363998 -0.421320 -0.019980 1.921915 516 382 578 458
-0.740008 -0.196161 0.239781 -0.421320 -0.019980 1.921915 517 381 578 458
-0.583314 -0.192415 0.341074 -0.421972 -0.019980 1.925420 517 381 579 458
-0.097739 -0.106130 0.540725 -0.430173 -0.019301 1.933370 518 380 579 458
-1.291951 -0.015093 0.119158 -0.430173 -0.019980 1.933370 519 380 580 457
-1.271000 -0.021860 0.125764 -0.430173 -0.019980 1.933370 519 380 580 455
-0.355960 -0.195439 0.426232 -0.430173 -0.019980 1.933370 527 376 575 454
-1.016918 -0.195972 0.140562 -0.411731 -0.019301 1.918613 533 372 581 450
-0.852439 -0.204546 0.219424 -0.411731 0.010039 1.918613 540 367 587 442
-0.533595 -0.190404 0.351596 -0.411731 0.021933 1.902241 547 364 604 434
-1.069555 -0.224074 0.145988 -0.411731 0.021933 1.894960 561 366 616 435
-0.955809 -0.199663 0.225611 -0.433800 0.021933 1.894960 575 364 629 437
-0.721128 -0.148809 0.348942 -0.488304 0.021933 1.898777 581 366 640 441
-0.151048 -0.043746 0.393330 -0.506519 0.011722 1.903954 582 366 641 444
-0.090976 -0.189141 0.328764 -0.523008 0.011722 1.903954 582 366 641 442
-0.026145 -0.257893 0.282030 -0.528232 0.011722 1.903954 584 366 642 443
0.290394 -0.069545 0.374862 -0.533206 0.011722 1.904606 591 366 648 441
0.280473 -0.205433 0.295415 -0.549535 0.016194 1.904615 599 365 659 445
0.366254 -0.269448 0.267151 -0.566128 0.023603 1.905228 603 364 663 445
0.842932 -0.130436 0.240683 -0.603603 0.029110 1.909129 606 366 663 442
0.317130 -0.178117 0.363466 -0.603603 0.029110 1.911662 603 366 663 443
0.559526 -0.201694 0.310738 -0.603603 0.029110 1.911662 600 366 661 442
0.980185 -0.061386 0.207978 -0.603603 0.029110 1.909129 599 368 661 442
0.018786 -0.084078 0.422893 -0.596347 0.020510 1.909129 599 367 660 443
0.495372 -0.148353 0.288005 -0.596346 0.020337 1.903082 599 367 660 444
0.930939 -0.013703 0.223627 -0.596346 0.020337 1.903082 599 367 660 444
0.073817 -0.040930 0.439426 -0.596346 0.020337 1.903082 599 367 660 444
0.836477 -0.128850 0.235223 -0.596346 0.020337 1.903082 599 367 660 444
0.218236 0.005323 0.452171 -0.595686 0.020545 1.903082 600 366 658 445
-0.258987 0.059344 0.479713 -0.595686 0.020545 1.903339 601 367 658 443
-0.181719 0.072856 0.520710 -0.595686 0.020545 1.903339 600 365 658 442
-0.542829 0.048424 0.342547 -0.575690 0.039715 1.903339 597 364 652 439
0.316634 -0.074924 0.348641 -0.557382 0.047768 1.908430 589 362 645 432
0.443993 0.054363 0.343062 -0.541534 0.059425 1.921035 581 357 640 431
0.548528 -0.071184 0.315379 -0.517548 0.061089 1.939318 571 352 627 423
-0.017070 -0.198948 0.366632 -0.485392 0.084139 1.986573 564 352 620 421
0.475109 -0.229196 0.250296 -0.463437 0.090805 2.019276 556 352 610 420
0.362537 -0.126307 0.200366 -0.428079 0.093110 2.057167 551 354 605 420
0.741591 -0.180771 0.125596 -0.423878 0.093427 2.057167 548 355 604 422
0.721823 -0.072008 0.118785 -0.423878 0.094352 2.057167 552 354 607 420
0.682929 -0.262947 0.170668 -0.423878 0.099083 2.057167 554 353 608 418
0.586005 -0.356337 0.169774 -0.420488 0.093427 2.053346 553 354 607 419
0.278078 -0.321772 0.152306 -0.420488 0.093427 2.053346 553 354 606 419
0.770667 -0.322292 0.106745 -0.420488 0.093110 2.053346 549 356 603 422
0.599380 -0.369376 0.125652 -0.415967 0.091653 2.053138 548 356 602 424
0.254458 -0.352822 0.141238 -0.415967 0.091472 2.049212 548 356 602 424
0.611441 -0.369881 0.113778 -0.415967 0.090526 2.049212 550 356 603 422
0.402020 -0.453777 0.135463 -0.415967 0.090411 2.036802 553 354 607 424
-0.095987 -0.446710 0.151460 -0.429239 0.088434 2.015398 560 352 607 426
0.692025 -0.400418 0.097816 -0.445015 0.087923 1.989420 566 352 617 424
0.420659 -0.537701 0.132410 -0.462831 0.081804 1.983688 573 351 621 425
-0.193901 -0.340649 0.131806 -0.462831 0.081804 1.968544 578 352 625 427
0.737656 -0.511579 0.122535 -0.462790 0.081092 1.968537 575 353 622 425
-0.205649 -0.485342 0.193475 -0.462748 0.080380 1.968530 559 354 606 429
-0.114334 -0.665413 0.164719 -0.462707 0.079668 1.968523 541 358 587 423
-0.489718 -0.556692 0.172349 -0.462666 0.078957 1.968516 526 362 571 425
0.441548 -0.681005 0.181962 -0.462128 0.069704 1.968426 514 372 567 434
0.619919 -0.656564 0.205065 -0.462087 0.068993 1.968419 519 370 565 434
0.508765 -0.719626 0.163517 -0.462045 0.068281 1.968412 519 370 565 433
0.831986 -0.577104 0.157275 -0.461880 0.065434 1.968385 520 370 566 433
0.892377 -0.458647 0.186379 -0.461838 0.064722 1.968378 520 370 566 433
0.819982 -0.555924 0.159749 -0.461797 0.064010 1.968371 520 370 566 434
0.970730 -0.534462 0.148207 -0.461756 0.063299 1.968364 521 370 566 434
0.719252 -0.507124 0.230383 -0.461714 0.062587 1.968357 520 369 574 432
0.677515 -0.595443 0.191597 -0.461673 0.061875 1.968350 522 370 576 431
0.819258 -0.632223 0.181319 -0.461631 0.061164 1.968343 522 370 576 432
0.354740 -0.624469 0.238090 -0.461590 0.060452 1.968336 522 370 575 432
0.302575 -0.687478 0.216185 -0.461549 0.059740 1.968329 524 369 570 432
0.505481 -0.700537 0.201618 -0.461507 0.059028 1.968322 524 369 570 432
-0.033556 -0.728959 0.213845 -0.461466 0.058317 1.968315 524 369 570 432
-0.125066 -0.765505 0.200677 -0.461425 0.057605 1.968309 522 370 575 432
0.307255 -0.716137 0.222073 -0.461383 0.056893 1.968302 525 369 570 432
-0.060045 -0.844553 0.287199 -0.461342 0.056181 1.968295 525 369 570 432
-0.639354 -0.773939 0.156954 -0.461300 0.055470 1.968288 522 370 575 432
-0.741021 -0.906505 0.152617 -0.461259 0.054758 1.968281 522 370 575 433
0.375096 -0.832632 0.275086 -0.461218 0.054046 1.968274 522 370 575 433
-0.493273 -0.729849 0.185770 -0.461176 0.053335 1.968267 522 370 575 432
-0.750386 -0.862143 0.136924 -0.461135 0.052623 1.968260 522 370 575 432
0.135693 -0.760874 0.255684 -0.461094 0.051911 1.968253 525 369 570 432
-0.674831 -0.658368 0.140933 -0.461052 0.051199 1.968246 522 370 575 433
0.458233 -0.675598 0.144437 -0.461011 0.050488 1.968239 523 370 576 433
-0.255808 -0.725284 0.148464 -0.460969 0.049776 1.968232 527 365 575 433
-0.087469 -0.619484 0.135314 -0.460928 0.049064 1.968225 529 361 584 428
0.289579 -0.501300 0.106572 -0.460887 0.048352 1.968219 534 356 583 430
-0.577911 -0.568610 0.169652 -0.460845 0.047641 1.968212 537 354 586 432
-0.990729 -0.516563 0.108512 -0.460804 0.046929 1.968205 544 356 593 434
0.227110 -0.300034 0.085581 -0.460763 0.046217 1.968198 557 360 606 437
-0.019712 -0.338504 0.096171 -0.460721 0.045506 1.968191 563 362 613 435
0.088419 -0.273361 0.088474 -0.460680 0.044794 1.968184 569 360 618 436
