-0.335440 -1.314085 0.221339 -0.455230 -0.103477 1.798334 561 394 612 486
-0.301898 -1.229372 0.251663 -0.455230 -0.103477 1.798334 561 394 613 487
0.265708 -1.180165 0.227377 -0.459248 -0.104950 1.799369 562 397 613 486
-0.135371 -1.327265 0.213147 -0.459357 -0.104950 1.799369 562 395 613 487
-0.198071 -1.230838 0.213744 -0.459248 -0.105534 1.798334 562 396 613 487
0.343254 -1.195937 0.230255 -0.459357 -0.106210 1.799369 562 396 613 486
0.096570 -1.284069 0.276266 -0.459713 -0.106210 1.799369 561 395 613 486
-0.134421 -1.165420 0.244265 -0.459713 -0.106210 1.799369 561 394 613 487
0.550258 -1.170388 0.243175 -0.461555 -0.106210 1.799369 561 394 612 486
0.330809 -1.219985 0.315570 -0.463959 -0.106990 1.800548 562 394 613 486
0.027989 -1.167088 0.304602 -0.465027 -0.110986 1.800623 562 393 613 486
0.584592 -1.099171 0.248380 -0.465565 -0.110986 1.802686 562 392 613 486
0.784408 -1.109457 0.243036 -0.466943 -0.106990 1.807079 562 393 612 486
-0.189186 -1.114996 0.320290 -0.469427 -0.110986 1.808631 560 392 612 484
0.489839 -1.078648 0.272685 -0.470670 -0.110986 1.807079 560 391 612 483
0.826192 -0.845098 0.154901 -0.470812 -0.116483 1.807079 562 394 612 482
-0.023839 -0.872290 0.234660 -0.471240 -0.118693 1.807079 563 394 613 482
0.126004 -0.986040 0.288242 -0.471240 -0.116483 1.806281 567 396 618 482
0.706342 -0.679790 0.118465 -0.471240 -0.116483 1.806281 563 393 613 485
0.159150 -0.706492 0.221152 -0.470812 -0.116483 1.806047 560 391 612 486
0.001408 -0.778557 0.288590 -0.470306 -0.111575 1.806047 558 392 610 485
0.693421 -0.533657 0.104577 -0.469021 -0.105124 1.806047 560 386 612 473
-0.393509 -0.230804 0.151456 -0.462461 -0.092418 1.808724 558 386 616 470
0.169335 -0.311753 0.131589 -0.462173 -0.091010 1.810218 559 386 617 468
0.611550 -0.396561 0.087314 -0.462173 -0.053694 1.810713 562 384 614 467
0.449129 -0.420363 0.133195 -0.461008 -0.043525 1.811383 566 382 617 468
0.354140 -0.276380 0.113520 -0.453548 -0.038992 1.813120 569 383 620 467
0.602642 -0.373017 0.077962 -0.453540 -0.036938 1.814508 568 382 619 468
0.569988 -0.382415 0.110359 -0.453540 -0.036382 1.815925 567 382 618 466
0.336932 -0.453693 0.164356 -0.443208 -0.036382 1.821080 568 383 619 468
0.676493 -0.347473 0.075477 -0.441363 -0.036248 1.824415 569 383 620 468
0.685209 -0.360961 0.092275 -0.440532 -0.036672 1.824415 568 383 618 468
0.468196 -0.405294 0.135467 -0.438139 -0.036206 1.824415 567 382 618 469
0.692325 -0.331006 0.073955 -0.438024 -0.036206 1.823036 566 382 617 468
0.800558 -0.337625 0.073993 -0.437467 -0.030361 1.821963 562 382 614 467
0.594447 -0.376005 0.103733 -0.437467 -0.036206 1.821080 560 383 617 467
0.743803 -0.357576 0.079307 -0.434199 -0.030361 1.819541 560 382 617 468
0.847463 -0.339402 0.078163 -0.432032 -0.030320 1.819541 560 384 617 465
0.711996 -0.282712 0.083558 -0.432032 -0.029121 1.819359 560 384 617 465
0.736365 -0.323865 0.073997 -0.429143 -0.030320 1.819359 559 382 615 464
0.740388 -0.293780 0.065166 -0.429143 -0.030361 1.819541 559 384 615 464
0.724834 -0.265719 0.070662 -0.429143 -0.033478 1.820209 560 385 616 466
0.696356 -0.320832 0.067085 -0.429143 -0.033478 1.821452 560 383 616 466
0.952251 -0.393797 0.070959 -0.433009 -0.037055 1.823360 562 383 614 470
0.838923 -0.352611 0.076591 -0.439329 -0.046013 1.824713 562 383 615 473
0.951903 -0.405477 0.071213 -0.456596 -0.070641 1.825448 565 384 618 472
0.870281 -0.401767 0.078981 -0.456596 -0.070641 1.825448 565 384 618 471
0.692126 -0.301371 0.096587 -0.456596 -0.070641 1.825448 565 384 618 471
1.092889 -0.344216 0.073413 -0.456596 -0.070641 1.824713 562 383 615 472
0.743319 -0.339985 0.104756 -0.456575 -0.069896 1.825448 562 384 615 472
0.577745 -0.253892 0.158001 -0.455814 -0.068676 1.825448 560 383 617 470
1.129633 -0.322691 0.098726 -0.455026 -0.067804 1.825448 560 382 618 466
0.540879 -0.280420 0.195592 -0.440823 -0.045972 1.826469 560 383 617 466
0.684621 -0.147499 0.243455 -0.440823 -0.045652 1.827803 560 382 618 465
1.268301 -0.252841 0.113078 -0.440823 -0.045652 1.828006 563 382 620 464
0.244234 -0.133994 0.157697 -0.440823 -0.045652 1.828012 562 384 623 460
0.208941 -0.073941 0.211386 -0.442702 -0.045652 1.828012 568 387 628 464
1.504690 -0.211005 0.128401 -0.448035 -0.045652 1.827803 568 388 633 466
1.199065 -0.139472 0.233083 -0.448035 -0.045652 1.827803 563 387 628 469
0.995068 0.024153 0.339088 -0.448035 -0.045652 1.786264 562 389 621 467
1.050853 -0.150096 0.311177 -0.448035 -0.064782 1.740446 555 389 616 465
0.780494 -0.096744 0.423834 -0.419607 -0.063634 1.740446 554 387 615 466
0.748268 0.056963 0.420442 -0.419607 -0.062599 1.740446 555 387 619 464
0.389527 -0.163505 0.365834 -0.419607 -0.060577 1.740446 556 386 628 465
0.000823 -0.143591 0.367827 -0.419607 -0.060577 1.780244 564 384 631 462
0.109184 0.066080 0.410065 -0.437414 -0.060577 1.815591 569 380 633 460
-0.193876 -0.168851 0.307364 -0.437414 -0.060577 1.817772 569 379 630 459
-0.137190 -0.180692 0.297703 -0.437414 -0.060068 1.817772 564 379 626 455
1.057602 -0.018010 0.222976 -0.437414 -0.060068 1.817772 556 382 617 456
1.017030 -0.179774 0.253488 -0.424826 -0.060068 1.815591 553 386 614 458
1.225625 -0.170027 0.210594 -0.424826 -0.060068 1.811335 555 386 616 461
1.195045 -0.081939 0.132462 -0.424826 -0.060212 1.811335 558 386 618 460
1.180451 -0.221033 0.141534 -0.424826 -0.060212 1.811335 559 384 618 463
1.315901 -0.189176 0.125565 -0.438255 -0.060212 1.811335 560 384 623 460
1.232783 -0.128126 0.100602 -0.438255 -0.060212 1.812461 563 384 625 460
1.237055 -0.236258 0.110877 -0.438255 -0.058745 1.816332 565 382 628 463
1.328450 -0.204240 0.091828 -0.438255 -0.051448 1.819834 561 382 626 458
1.238333 -0.191115 0.085554 -0.433938 -0.037982 1.830966 561 381 626 459
1.208074 -0.267578 0.091592 -0.433821 -0.036268 1.830966 566 382 630 460
1.266506 -0.242112 0.073347 -0.433821 -0.036268 1.832320 566 381 629 459
1.167683 -0.237478 0.081414 -0.433237 -0.036223 1.832632 565 380 629 460
1.119659 -0.259660 0.107618 -0.433821 -0.036268 1.832632 565 380 628 461
1.067014 -0.245399 0.077898 -0.433938 -0.036504 1.832572 566 380 629 460
0.924333 -0.269450 0.087142 -0.434261 -0.036504 1.832320 569 382 630 460
1.090180 -0.275650 0.102719 -0.438049 -0.036504 1.830027 570 382 630 462
0.985752 -0.254172 0.078226 -0.438049 -0.036504 1.827820 569 382 630 460
0.653945 -0.263027 0.097910 -0.438049 -0.036005 1.824828 564 380 623 458
1.049611 -0.281978 0.097542 -0.438049 -0.036291 1.817034 560 382 617 462
0.920658 -0.267021 0.086707 -0.436887 -0.036001 1.814130 560 382 617 463
0.367962 -0.248901 0.119806 -0.436887 -0.035998 1.814103 560 382 618 463
0.651097 -0.250998 0.202795 -0.436887 -0.035998 1.812077 563 381 621 462
0.139185 -0.386484 0.235567 -0.436887 -0.036001 1.810578 563 382 622 461
1.023232 -0.244056 0.102981 -0.444800 -0.036291 1.810247 567 382 625 460
0.896192 -0.340180 0.143366 -0.444800 -0.043767 1.809492 569 382 627 463
0.915500 -0.323804 0.091617 -0.444800 -0.044063 1.806900 568 384 627 464
1.024199 -0.260388 0.087465 -0.444800 -0.046022 1.803084 563 384 624 466
0.667132 -0.407683 0.211430 -0.427424 -0.052691 1.760614 556 388 619 468
0.745042 -0.360519 0.119714 -0.426690 -0.052691 1.760614 555 387 617 468
1.074596 -0.283802 0.083150 -0.426690 -0.046022 1.760614 557 383 618 466
0.880185 -0.353754 0.132398 -0.426690 -0.048802 1.760614 562 382 623 464
0.525641 -0.369344 0.171672 -0.426690 -0.048802 1.767112 566 381 627 464
-0.351016 -0.389331 0.170272 -0.439830 -0.045541 1.768678 571 383 629 465
0.972449 -0.378008 0.114740 -0.439830 -0.045422 1.768678 569 382 629 464
0.809363 -0.429620 0.131028 -0.439830 -0.045075 1.768678 568 382 626 466
1.108078 -0.370179 0.090229 -0.439830 -0.045075 1.768678 558 382 618 466
1.085752 -0.361470 0.094306 -0.399710 -0.041813 1.758471 549 381 609 466
0.940539 -0.461133 0.113851 -0.399710 -0.035075 1.758471 548 379 608 464
1.078861 -0.385209 0.121799 -0.397297 -0.031017 1.756508 553 378 615 460
1.102359 -0.356255 0.097157 -0.394316 -0.031017 1.756508 557 378 620 462
0.980065 -0.488481 0.125837 -0.394316 -0.034222 1.758471 557 378 618 462
1.003113 -0.395727 0.179145 -0.397297 -0.034222 1.759610 555 378 616 462
1.096483 -0.383467 0.144770 -0.411216 -0.034222 1.765284 556 379 617 462
0.983266 -0.522429 0.156784 -0.411325 -0.037799 1.770617 558 381 617 461
0.778820 -0.502107 0.171696 -0.414294 -0.040045 1.785634 559 381 618 464
0.735845 -0.522216 0.205095 -0.424769 -0.043136 1.785634 566 382 624 464
0.995535 -0.634498 0.168934 -0.424769 -0.043136 1.785634 567 382 625 462
0.975785 -0.503120 0.117381 -0.424769 -0.043136 1.785634 564 382 623 465
0.896325 -0.498391 0.191909 -0.424769 -0.043136 1.767376 560 384 623 466
1.112562 -0.577870 0.116101 -0.409990 -0.042926 1.751836 557 386 619 468
1.098396 -0.478801 0.096339 -0.396845 -0.042926 1.734845 557 386 619 467
0.835297 -0.485582 0.212824 -0.396845 -0.042926 1.734845 557 386 619 468
1.130316 -0.521681 0.096516 -0.396845 -0.042926 1.734845 557 386 618 467
1.047330 -0.404771 0.095639 -0.396845 -0.044124 1.734845 557 383 617 466
1.069645 -0.538528 0.134108 -0.408025 -0.045711 1.750351 559 382 618 463
0.972867 -0.445303 0.111069 -0.410441 -0.045711 1.777900 562 381 622 465
0.764518 -0.363859 0.140270 -0.441641 -0.045711 1.791177 563 381 622 466
1.008157 -0.482247 0.102662 -0.442466 -0.044124 1.792646 563 380 622 464
0.302566 -0.359174 0.228768 -0.442957 -0.042592 1.795895 563 382 622 464
0.544393 -0.450709 0.164163 -0.447155 -0.042592 1.799963 563 382 622 463
0.892825 -0.406214 0.086816 -0.442957 -0.042330 1.799994 564 382 622 465
0.540269 -0.384918 0.125955 -0.442466 -0.041481 1.800874 564 382 622 464
0.356161 -0.394065 0.121067 -0.441641 -0.041238 1.801984 560 380 618 464
0.684930 -0.341951 0.074765 -0.436340 -0.041238 1.806553 559 380 617 464
-0.071928 -0.200740 0.116412 -0.436340 -0.042330 1.807421 559 381 618 463
0.252294 -0.311778 0.101396 -0.436340 -0.042692 1.808873 560 380 618 465
0.464184 -0.251730 0.068954 -0.436340 -0.042905 1.808873 566 383 619 472
0.070668 -0.237974 0.098333 -0.442597 -0.052604 1.808873 567 382 620 472
-0.327541 -0.058275 0.081996 -0.465039 -0.052604 1.807963 567 383 619 470
0.342984 -0.218161 0.077291 -0.465039 -0.052604 1.806553 567 382 619 470
0.017242 -0.218485 0.081473 -0.465039 -0.052604 1.798632 566 382 617 468
0.080780 -0.320236 0.110257 -0.465039 -0.045225 1.798136 566 382 617 468
0.330708 -0.233974 0.082448 -0.465028 -0.042246 1.797496 566 382 617 467
0.034383 -0.251274 0.099138 -0.455637 -0.040123 1.797496 566 382 617 468
