0.418022 -0.192357 0.095534 -0.442334 0.135355 1.910121 551 331 599 416
-0.051118 -0.046990 0.056807 -0.444236 0.135355 1.911529 551 332 598 417
0.265439 0.022992 0.064635 -0.444236 0.135355 1.911841 550 332 598 418
0.372357 0.005015 0.077283 -0.444236 0.135355 1.914004 550 332 597 420
0.823771 -0.282951 0.059967 -0.444236 0.129722 1.913924 547 335 593 420
0.667178 -0.096950 0.065599 -0.436080 0.123289 1.913924 547 336 593 420
0.812317 -0.262221 0.062020 -0.436080 0.123046 1.914004 547 336 593 420
0.835468 -0.290395 0.058858 -0.436080 0.122776 1.914475 547 336 593 420
0.603455 -0.087430 0.070336 -0.435152 0.122169 1.914984 547 336 593 420
0.750406 -0.240831 0.065430 -0.434614 0.122565 1.915839 547 336 593 420
0.765798 -0.208063 0.061051 -0.435021 0.122047 1.920528 547 336 593 420
0.438246 0.027281 0.073442 -0.435021 0.122047 1.920528 547 336 593 420
0.583746 -0.126813 0.072113 -0.435021 0.122047 1.920528 547 336 593 420
0.586006 -0.076161 0.067007 -0.434614 0.121692 1.915839 547 336 593 420
-0.093994 0.083856 0.070086 -0.434614 0.121923 1.915686 547 336 593 420
0.337667 0.000294 0.075846 -0.434614 0.121929 1.915672 547 336 593 421
0.343980 0.054767 0.073874 -0.434720 0.121929 1.915353 548 334 599 422
0.057183 0.108624 0.077958 -0.434720 0.122537 1.913566 549 334 599 422
0.122762 0.091196 0.081949 -0.434753 0.122537 1.912074 550 334 599 420
-0.261716 0.064364 0.063555 -0.450079 0.122537 1.910734 552 334 599 420
-0.179393 0.060856 0.066759 -0.459059 0.129022 1.910734 552 334 600 420
-0.273673 -0.000290 0.081051 -0.459569 0.129560 1.913566 552 334 599 420
-0.228336 0.055667 0.073326 -0.459807 0.131169 1.915353 551 334 600 420
-0.152617 0.052955 0.072349 -0.462226 0.133613 1.916073 552 332 600 418
-0.237115 -0.041092 0.075942 -0.462226 0.135051 1.943744 551 332 600 418
-0.242766 0.056662 0.072492 -0.462226 0.135051 1.943992 551 332 598 418
-0.342900 -0.070969 0.075686 -0.462226 0.137263 1.968793 546 332 593 415
-0.163609 -0.086007 0.077828 -0.454579 0.140504 1.993681 544 331 588 408
-0.514189 0.056973 0.064666 -0.449463 0.168164 2.025262 529 328 583 397
-0.381746 -0.086704 0.068841 -0.428689 0.173586 2.079804 510 333 555 398
-0.024770 -0.126707 0.084323 -0.352656 0.187194 2.079804 509 332 554 398
-0.074619 -0.013497 0.072228 -0.349116 0.187194 2.079804 515 333 561 400
0.020612 -0.063817 0.075262 -0.349116 0.187194 2.079804 518 332 564 405
0.065327 -0.152591 0.080243 -0.349116 0.185952 2.070877 523 330 567 406
0.040295 -0.098712 0.088830 -0.352656 0.185952 2.061184 526 330 570 404
0.174651 -0.114228 0.089294 -0.367151 0.182260 2.059630 529 332 572 406
0.220089 -0.192576 0.092155 -0.374174 0.174630 2.058316 530 331 574 408
0.212846 -0.196724 0.104626 -0.381852 0.174359 2.057402 532 332 577 410
0.303767 -0.204190 0.079314 -0.382407 0.174319 2.057402 532 333 577 411
0.313789 -0.243521 0.086209 -0.382521 0.171493 2.052301 531 334 577 411
0.398296 -0.265478 0.091067 -0.382521 0.163456 2.042466 532 334 577 412
0.423422 -0.232389 0.072037 -0.382521 0.162963 2.031504 532 334 577 412
0.470957 -0.274688 0.080150 -0.384455 0.162547 2.030718 532 334 578 411
0.522486 -0.308508 0.086440 -0.384455 0.158463 2.029844 532 334 579 412
0.504979 -0.297831 0.073541 -0.384455 0.158260 2.029694 531 335 578 413
0.573094 -0.316006 0.075555 -0.384925 0.151694 2.029294 531 335 579 414
0.644194 -0.339957 0.076155 -0.386435 0.150985 2.029251 532 335 579 413
0.574203 -0.360023 0.068208 -0.389634 0.150912 2.028959 532 336 579 412
0.570357 -0.389317 0.072368 -0.391543 0.150816 2.028329 533 335 579 413
0.586425 -0.392964 0.071537 -0.391935 0.150468 2.028329 532 336 579 412
0.637051 -0.425458 0.073802 -0.394913 0.150468 2.028329 533 336 580 412
0.578544 -0.445950 0.078964 -0.394913 0.150816 2.027867 533 336 580 413
0.568335 -0.448159 0.076740 -0.393742 0.150816 2.027867 533 336 579 413
0.704087 -0.496738 0.076174 -0.391935 0.150816 2.026770 531 336 579 413
0.635771 -0.542085 0.087106 -0.391935 0.151090 2.026144 531 335 579 412
0.577976 -0.497877 0.080045 -0.383378 0.159171 2.019665 531 334 579 410
0.764361 -0.536564 0.076335 -0.381948 0.159171 2.016341 531 333 579 410
-0.106631 -0.314101 0.045018 -0.381940 0.159171 2.013124 531 334 579 412
-0.075832 -0.361917 0.052280 -0.377713 0.159171 1.991243 531 334 579 413
0.841237 -0.515350 0.071015 -0.377713 0.158334 1.986424 531 335 580 415
0.757361 -0.531076 0.080646 -0.377713 0.146953 1.984621 531 336 580 416
0.670617 -0.505860 0.087042 -0.376967 0.145950 1.984176 531 335 580 415
0.832561 -0.486131 0.070459 -0.376957 0.145652 1.984176 531 336 580 416
0.773639 -0.519395 0.080216 -0.376967 0.145652 1.984176 531 337 579 417
0.727657 -0.492066 0.084513 -0.376957 0.145652 1.984621 531 337 579 418
0.805898 -0.445349 0.071174 -0.376957 0.146414 1.986424 531 336 579 417
0.821879 -0.498202 0.079053 -0.376957 0.146414 1.986673 530 336 579 417
0.812284 -0.514515 0.082695 -0.376828 0.146669 1.986702 530 336 579 417
0.796088 -0.454514 0.074163 -0.376828 0.146770 1.987064 530 336 579 417
0.863430 -0.496270 0.072011 -0.376828 0.146877 1.987409 530 336 579 416
0.894310 -0.532431 0.069837 -0.376828 0.146877 1.987409 530 336 579 416
0.841094 -0.542680 0.078431 -0.377855 0.146877 1.988637 530 336 580 416
0.910840 -0.590449 0.076890 -0.378804 0.146877 1.988637 531 336 580 416
0.910345 -0.607846 0.075737 -0.379039 0.146877 1.988637 531 335 581 418
0.834884 -0.612455 0.078439 -0.382499 0.131393 1.988637 532 336 581 416
0.939123 -0.670423 0.076708 -0.382720 0.128298 1.982734 532 337 581 418
0.898313 -0.701250 0.086792 -0.382810 0.123675 1.981887 532 337 582 420
0.816479 -0.676608 0.090292 -0.382810 0.123675 1.977770 532 337 582 420
0.928565 -0.723748 0.085220 -0.382720 0.123675 1.976552 532 337 582 418
0.842003 -0.733829 0.096892 -0.382499 0.123675 1.976552 532 335 582 416
0.765305 -0.685740 0.102178 -0.375914 0.127035 1.976552 532 335 582 416
0.898043 -0.691738 0.091385 -0.375914 0.127035 1.975223 532 337 582 419
0.736041 -0.702306 0.111435 -0.375914 0.127781 1.976552 533 336 582 416
-0.150143 -0.295340 0.075572 -0.375914 0.128284 1.978129 533 336 582 416
0.695973 -0.535939 0.093399 -0.382631 0.129402 1.978382 533 338 582 417
0.528508 -0.550641 0.108618 -0.390383 0.130896 1.978529 534 338 582 418
0.319673 -0.362508 0.095279 -0.391070 0.132103 1.981185 535 338 582 418
0.496088 -0.361877 0.090022 -0.391085 0.132103 1.981187 536 339 582 418
0.321186 -0.370053 0.103284 -0.391085 0.132107 1.981187 536 339 583 419
0.219606 -0.293488 0.103812 -0.391355 0.132144 1.981187 536 339 583 419
0.388802 -0.266204 0.093362 -0.391355 0.132144 1.981187 537 339 584 418
0.212822 -0.238763 0.119370 -0.391355 0.132144 1.981187 538 340 584 418
-0.012246 -0.199882 0.084412 -0.391355 0.132144 1.981187 538 340 584 420
-0.104578 -0.257856 0.099409 -0.391359 0.132144 1.981187 539 339 585 419
-0.062809 -0.158786 0.082950 -0.391781 0.132144 1.981175 538 340 584 419
-0.124241 -0.108872 0.076506 -0.391781 0.132144 1.981175 538 340 584 419
-0.155229 -0.199702 0.093275 -0.391781 0.132144 1.981175 538 340 584 419
-0.087956 -0.125782 0.076509 -0.391781 0.132144 1.981175 538 340 584 419
0.157246 -0.200480 0.096418 -0.400544 0.132692 1.984778 538 339 584 419
0.307764 -0.202823 0.094842 -0.400544 0.132692 1.984812 538 339 584 418
0.152858 -0.034600 0.092519 -0.400911 0.132943 1.984923 538 338 583 418
0.197561 -0.150731 0.090054 -0.400911 0.133100 1.984923 538 339 583 418
0.319183 -0.180986 0.094941 -0.401115 0.138004 1.984923 539 338 583 417
0.201698 -0.082229 0.091924 -0.403211 0.138155 1.984812 539 338 584 417
0.315735 -0.207499 0.090811 -0.403211 0.139729 1.987103 539 338 584 417
0.478307 -0.224943 0.094154 -0.408080 0.140735 1.987539 539 337 584 417
0.389252 -0.183139 0.103836 -0.408875 0.147083 1.987539 540 336 585 416
0.485443 -0.245849 0.093191 -0.409638 0.148314 1.987539 540 336 585 416
0.619500 -0.284352 0.087131 -0.409638 0.148314 1.987594 539 336 585 416
0.543613 -0.289454 0.101421 -0.408875 0.148314 1.989551 539 336 585 416
0.552724 -0.254010 0.085819 -0.409638 0.148314 1.989551 539 336 585 417
0.680977 -0.293689 0.080376 -0.409638 0.148310 1.989682 539 337 584 417
0.623282 -0.322539 0.092901 -0.404083 0.144001 1.989682 539 337 584 417
0.658888 -0.298975 0.081350 -0.402254 0.143889 1.989682 539 338 584 417
0.765718 -0.365506 0.079157 -0.402236 0.143407 1.988682 539 338 583 417
0.727357 -0.399431 0.101077 -0.402177 0.143003 1.988682 539 338 583 417
0.784269 -0.377087 0.085011 -0.401129 0.142053 1.987521 538 338 583 417
0.872743 -0.439633 0.071326 -0.401086 0.140866 1.987521 538 338 583 417
0.848322 -0.450137 0.088790 -0.401082 0.138697 1.986940 537 338 583 417
0.872574 -0.475968 0.081925 -0.401082 0.138697 1.986940 537 338 582 417
0.932607 -0.510530 0.072181 -0.401080 0.138697 1.986940 537 338 583 416
0.907340 -0.519294 0.087871 -0.400846 0.138698 1.986941 537 338 583 416
0.923268 -0.600531 0.085873 -0.400846 0.138697 1.986941 538 337 583 416
0.964015 -0.567648 0.067275 -0.399038 0.138697 1.987969 537 338 582 416
0.968456 -0.534772 0.075115 -0.399029 0.138697 1.988006 536 339 583 418
1.016237 -0.640406 0.077221 -0.394935 0.137917 1.988319 535 339 582 418
0.966105 -0.569445 0.065351 -0.394913 0.137902 1.988324 535 338 582 418
1.011683 -0.512467 0.067513 -0.393669 0.137111 1.988371 535 339 582 418
1.066517 -0.653697 0.074125 -0.393669 0.131562 1.989370 535 338 582 418
0.853371 -0.520398 0.078430 -0.393669 0.131562 1.989783 535 339 582 418
0.989375 -0.454155 0.078545 -0.393520 0.131562 1.989783 535 338 583 419
1.005678 -0.609984 0.095458 -0.393520 0.131562 1.989783 535 339 582 418
0.604297 -0.395458 0.085052 -0.393661 0.131562 1.989528 536 339 582 418
0.766306 -0.325028 0.082290 -0.393661 0.131643 1.989528 536 339 582 418
0.748098 -0.481389 0.102715 -0.393661 0.131703 1.989637 535 339 582 418
0.340742 -0.260005 0.082890 -0.393661 0.132227 1.989637 536 339 582 418
0.466463 -0.168692 0.081695 -0.393520 0.132560 1.989637 536 338 583 418
0.427760 -0.320286 0.099720 -0.393449 0.133614 1.992682 536 338 582 416
0.069333 0.144480 0.113401 -0.393449 0.133630 1.992685 534 336 581 410
-0.082405 0.139613 0.109466 -0.393449 0.149599 2.007422 533 334 580 408
-0.204313 -0.083247 0.119930 -0.393732 0.159351 2.019371 534 334 580 406
-0.080308 -0.109699 0.072735 -0.393743 0.160393 2.032647 536 331 580 404
-0.028885 -0.027835 0.076765 -0.400699 0.172617 2.034163 536 330 581 405
-0.050507 -0.100150 0.077996 -0.406105 0.172617 2.037727 536 330 582 406
-0.215764 -0.087136 0.065834 -0.406140 0.172617 2.037727 536 330 582 407
-0.227797 -0.028429 0.065225 -0.406140 0.172617 2.037727 536 330 582 408
-0.235178 -0.081979 0.070402 -0.406140 0.172617 2.037727 535 330 581 407
-0.311658 -0.101712 0.065046 -0.406105 0.172473 2.037719 535 330 580 408
-0.348901 -0.040172 0.058749 -0.403438 0.172473 2.032000 535 330 581 408
-0.295747 -0.109207 0.073117 -0.400743 0.172473 2.031125 535 330 581 408
-0.191397 -0.151155 0.071583 -0.400167 0.172473 2.028813 535 330 581 407
-0.247817 -0.077648 0.068017 -0.394491 0.172473 2.028186 534 330 580 408
-0.163958 -0.189466 0.085006 -0.392035 0.172473 2.025136 533 332 579 408
-0.124042 -0.162314 0.073878 -0.384688 0.169557 2.023207 533 332 578 408
-0.090264 -0.143123 0.082669 -0.384688 0.169216 2.023207 532 332 579 408
-0.074991 -0.228872 0.082068 -0.384308 0.169146 2.023207 533 332 579 408
0.029743 -0.233724 0.097878 -0.384308 0.169073 2.023207 533 332 579 408
0.045189 -0.217631 0.099869 -0.384308 0.168953 2.023763 533 332 579 409
0.052237 -0.312588 0.095676 -0.384308 0.168623 2.023763 533 332 579 410
0.102263 -0.263903 0.087841 -0.384926 0.168623 2.023763 534 330 582 412
0.179815 -0.277279 0.092705 -0.398300 0.150052 2.023763 540 334 587 416
0.269625 -0.363499 0.102950 -0.412684 0.146554 1.972855 548 336 598 424
-0.106846 -0.226748 0.095091 -0.430649 0.118674 1.909246 556 342 606 431
0.395950 -0.304849 0.092433 -0.447008 0.118674 1.909246 559 343 610 432
0.146146 -0.124877 0.094339 -0.447008 0.118674 1.909246 559 341 609 431
0.537721 -0.315469 0.101134 -0.447008 0.118674 1.909246 552 338 600 423
0.041121 -0.074021 0.068555 -0.447008 0.118971 1.912028 547 338 593 420
0.591536 -0.323509 0.098918 -0.441377 0.129616 1.954465 546 337 592 419
0.716582 -0.298174 0.086978 -0.438251 0.135399 1.958616 545 336 591 420
0.754553 -0.355217 0.086578 -0.436904 0.135399 1.967180 544 336 591 421
0.661241 -0.290545 0.087676 -0.434162 0.135399 1.975451 543 336 589 422
0.749599 -0.273862 0.081473 -0.429244 0.135399 1.977602 542 338 588 421
0.782432 -0.336782 0.079945 -0.424720 0.128449 1.977821 541 339 587 421
0.025650 -0.027993 0.059543 -0.423895 0.128449 1.990217 540 340 586 421
0.811346 -0.272252 0.075139 -0.419541 0.128449 1.991017 539 340 585 421
0.814383 -0.321638 0.078850 -0.417352 0.128449 1.993174 539 341 584 420
0.795456 -0.294601 0.081432 -0.414791 0.129717 1.993174 539 339 584 418
0.826780 -0.251640 0.072214 -0.411808 0.130554 1.993174 540 340 585 418
0.815386 -0.285591 0.074539 -0.409634 0.130554 1.993174 540 340 584 418
0.780589 -0.256432 0.072420 -0.407845 0.130554 1.988226 539 340 584 418
0.817637 -0.211846 0.064837 -0.400771 0.129717 1.988226 538 341 582 417
0.778709 -0.244789 0.066766 -0.398976 0.126702 1.986981 537 340 582 418
0.694769 -0.227246 0.070147 -0.398976 0.126702 1.986981 537 340 582 418
0.660088 -0.176294 0.067827 -0.398976 0.126702 1.988226 538 340 581 417
0.623303 -0.219442 0.076843 -0.398976 0.126702 1.989130 539 341 582 417
0.561306 -0.187609 0.063785 -0.400696 0.128125 1.989130 538 340 581 417
0.405641 -0.204557 0.074769 -0.401846 0.132256 1.989130 539 339 582 416
0.363415 -0.239502 0.077031 -0.402391 0.140251 1.988129 541 338 585 416
0.318924 -0.198379 0.068534 -0.409505 0.140251 1.988129 543 337 588 418
0.318266 -0.275588 0.090419 -0.417949 0.140251 1.979428 546 336 592 418
0.145087 -0.282896 0.077229 -0.437946 0.140251 1.964382 550 335 598 420
0.210094 -0.233427 0.070715 -0.439319 0.140251 1.933347 549 334 597 421
-0.107119 -0.223788 0.060636 -0.439689 0.138601 1.933347 547 334 593 420
0.062993 -0.279133 0.075734 -0.444785 0.133078 1.933347 549 334 597 420
0.128169 -0.290546 0.082000 -0.444785 0.133078 1.933347 549 334 597 420
-0.071559 -0.316194 0.066762 -0.439689 0.138601 1.938494 549 334 597 419
0.181583 -0.404715 0.085197 -0.439319 0.140351 1.956105 545 332 591 411
-0.178256 -0.396475 0.089149 -0.424682 0.150084 1.980207 542 329 586 405
-0.082967 -0.639536 0.104429 -0.408907 0.164717 2.020697 537 330 581 408
0.211309 -0.531346 0.087237 -0.407783 0.167287 2.066499 533 328 577 403
-0.049851 -0.504871 0.082821 -0.400456 0.167563 2.066499 528 324 570 402
-0.205702 -0.693307 0.108112 -0.371742 0.172788 2.066499 528 321 571 400
-0.456792 -0.659879 0.094815 -0.364366 0.185037 2.067432 525 320 570 401
-0.126112 -0.604349 0.087288 -0.352400 0.185053 2.103932 520 324 565 407
0.149343 -0.702204 0.109075 -0.346359 0.186020 2.120388 517 327 564 412
0.505665 -0.763609 0.119948 -0.346359 0.189807 2.202832 519 326 566 412
0.327823 -0.720711 0.114619 -0.346359 0.190144 2.238156 520 325 567 410
0.167365 -0.789465 0.128443 -0.352400 0.190455 2.241838 522 325 565 409
-0.469991 -0.805596 0.102443 -0.352400 0.202934 2.253154 526 325 567 408
-0.170438 -0.841313 0.102073 -0.352400 0.204236 2.254860 525 322 569 404
-0.566789 -0.847338 0.098284 -0.347688 0.214237 2.268834 521 323 565 404
0.617059 -0.814320 0.133728 -0.347688 0.216970 2.259372 521 323 568 408
0.654559 -0.774278 0.111802 -0.332293 0.220128 2.259372 521 324 568 408
0.713354 -0.845326 0.128070 -0.317437 0.220128 2.259372 521 325 568 410
0.799607 -0.781653 0.124640 -0.316248 0.220128 2.253154 521 326 568 410
0.843287 -0.745282 0.098908 -0.316248 0.220128 2.240314 521 326 568 410
0.832945 -0.861326 0.131078 -0.316039 0.214130 2.197380 521 328 568 410
0.839856 -0.781794 0.133013 -0.310949 0.206092 2.192402 522 328 569 410
0.886199 -0.764766 0.109201 -0.309071 0.192914 2.124784 522 328 567 409
0.933485 -0.876839 0.133916 -0.303395 0.189276 2.107461 522 329 568 410
0.918399 -0.728554 0.120973 -0.287105 0.187664 1.985414 523 328 568 410
0.965407 -0.724230 0.094435 -0.285073 0.176746 1.978419 522 329 568 410
1.005766 -0.801931 0.124704 -0.283942 0.176070 1.978316 522 329 569 411
0.943748 -0.734382 0.129398 -0.282812 0.175394 1.978213 522 328 570 411
0.972086 -0.747825 0.107527 -0.281681 0.174718 1.978110 522 328 570 411
0.983497 -0.791303 0.136478 -0.280551 0.174042 1.978007 523 329 570 411
0.946678 -0.725416 0.135752 -0.279420 0.173366 1.977904 523 329 570 412
0.970243 -0.751192 0.126921 -0.278290 0.172690 1.977801 522 329 570 412
0.975240 -0.759576 0.137155 -0.277160 0.172013 1.977697 522 328 571 412
0.942272 -0.708380 0.139081 -0.276029 0.171337 1.977594 523 329 571 412
0.972366 -0.730775 0.137731 -0.274899 0.170661 1.977491 523 329 571 412
1.004922 -0.737116 0.132846 -0.273768 0.169985 1.977388 523 330 571 412
0.952522 -0.711757 0.143641 -0.272638 0.169309 1.977285 523 330 571 412
1.006580 -0.731607 0.146146 -0.271508 0.168633 1.977182 523 330 572 412
1.060361 -0.725253 0.124199 -0.270377 0.167957 1.977079 523 330 570 412
1.000663 -0.713937 0.140568 -0.269247 0.167281 1.976976 523 330 571 412
1.036120 -0.738314 0.147165 -0.268116 0.166605 1.976873 523 330 570 412
1.054528 -0.697836 0.123130 -0.266986 0.165928 1.976770 523 330 571 413
1.039490 -0.725364 0.134248 -0.265856 0.165252 1.976667 523 330 571 412
1.069804 -0.733773 0.139971 -0.264725 0.164576 1.976564 523 330 570 412
1.029050 -0.682824 0.128919 -0.263595 0.163900 1.976460 523 330 571 413
1.058970 -0.720870 0.128916 -0.263595 0.158138 1.976461 523 330 571 412
1.090443 -0.725398 0.127582 -0.263595 0.157632 1.976694 523 330 570 413
1.029902 -0.686737 0.119858 -0.263595 0.157632 1.977294 523 330 572 414
1.060639 -0.720869 0.123895 -0.263595 0.157481 1.978256 523 330 571 413
1.090000 -0.709987 0.125687 -0.263595 0.157330 1.978571 523 330 571 413
1.079729 -0.709209 0.119580 -0.263595 0.157085 1.979792 523 330 570 413
1.076513 -0.718254 0.115371 -0.264402 0.155267 1.979965 523 331 569 413
1.121152 -0.693951 0.116507 -0.262078 0.155267 1.980148 522 330 570 413
1.098521 -0.714709 0.108948 -0.262078 0.150193 1.980148 522 331 569 413
1.071620 -0.709107 0.111447 -0.261490 0.150193 1.980148 522 330 570 414
1.060724 -0.684153 0.108482 -0.261490 0.149521 1.980821 522 330 570 413
1.044144 -0.709491 0.111077 -0.261490 0.149258 1.980821 522 330 570 413
1.033882 -0.697011 0.104660 -0.261490 0.149258 1.978926 522 330 570 413
1.004640 -0.644842 0.107555 -0.261430 0.149258 1.978855 522 330 570 413
0.986344 -0.649032 0.113443 -0.261430 0.149258 1.977866 522 330 569 413
0.999900 -0.642877 0.097895 -0.261430 0.151076 1.977866 522 330 570 414
0.977548 -0.589612 0.095719 -0.261430 0.151076 1.976892 522 330 570 413
0.742433 -0.649331 0.113027 -0.261430 0.153911 1.976892 523 331 569 412
0.786365 -0.636335 0.101653 -0.274351 0.166219 1.976892 524 330 570 410
0.772127 -0.594752 0.102420 -0.285882 0.167068 1.977933 527 333 570 408
0.423174 -0.633653 0.124056 -0.301796 0.167068 1.982287 529 332 571 406
0.528856 -0.622029 0.102523 -0.303850 0.167068 1.992154 528 332 572 410
0.742665 -0.551921 0.097196 -0.312378 0.167068 1.992630 525 332 568 410
0.324563 -0.588757 0.114503 -0.322506 0.180773 1.996483 523 329 571 412
0.474271 -0.594750 0.100311 -0.331328 0.179455 2.015909 530 327 572 404
0.728452 -0.538009 0.096028 -0.348478 0.179455 2.044790 531 322 572 401
0.481689 -0.685621 0.135980 -0.368194 0.175578 2.077262 531 324 571 402
0.692040 -0.665267 0.127345 -0.376081 0.179455 2.089448 532 325 571 403
0.618492 -0.550026 0.106822 -0.376674 0.182515 2.089448 535 327 580 403
0.587064 -0.569123 0.111264 -0.376674 0.182515 2.089448 537 326 583 402
0.746490 -0.548328 0.100803 -0.376674 0.179455 2.089448 535 326 581 402
0.731675 -0.513314 0.088287 -0.376081 0.178999 2.084272 533 325 580 403
0.502105 -0.531620 0.097540 -0.369599 0.178999 2.080502 531 326 572 402
0.621139 -0.474472 0.093545 -0.347893 0.178999 2.070361 530 326 571 401
0.769127 -0.494849 0.085982 -0.347386 0.178760 2.063955 529 326 572 402
0.728424 -0.409069 0.077419 -0.347338 0.176115 2.063799 528 325 572 403
0.659498 -0.422867 0.091524 -0.346429 0.176115 2.060915 528 325 573 403
0.768818 -0.463585 0.079186 -0.340839 0.177501 2.060778 528 326 572 403
0.763856 -0.455581 0.080012 -0.340838 0.177501 2.059158 529 326 572 403
0.755501 -0.367547 0.076475 -0.340838 0.177501 2.059155 528 326 572 403
0.641732 -0.376019 0.076004 -0.340838 0.177501 2.059155 528 326 572 403
0.818260 -0.422892 0.065980 -0.340839 0.177501 2.059155 528 325 572 403
0.351406 -0.503080 0.094669 -0.341115 0.177501 2.059155 528 326 572 403
0.280293 -0.390632 0.097282 -0.345689 0.177501 2.059155 528 325 572 403
0.810371 -0.457408 0.068996 -0.345880 0.176948 2.059158 529 326 572 403
0.617857 -0.429916 0.090036 -0.346510 0.176742 2.060127 530 327 571 402
0.269582 -0.401509 0.114418 -0.346877 0.176565 2.065387 532 326 579 404
0.832992 -0.436541 0.070541 -0.361686 0.176565 2.066881 534 326 579 405
0.751125 -0.390210 0.106127 -0.363781 0.176742 2.066941 533 326 580 404
0.133787 -0.407526 0.083275 -0.365236 0.176136 2.066941 531 327 570 402
0.878893 -0.372290 0.076816 -0.366680 0.175659 2.066941 532 326 577 402
-0.732962 -0.579008 0.109245 -0.375933 0.172820 2.066881 537 326 580 403
-0.271732 -0.407697 0.101240 -0.396174 0.171219 2.046778 540 328 584 408
0.969477 -0.283340 0.084210 -0.399403 0.167679 2.024630 543 331 589 410
0.910834 -0.277073 0.111364 -0.399403 0.157534 2.009719 543 330 590 410
0.490726 -0.238508 0.182164 -0.408951 0.154493 2.009719 544 330 591 412
1.068047 -0.194223 0.079017 -0.412818 0.150854 2.009719 543 324 604 409
1.037888 -0.166254 0.096183 -0.412818 0.150751 2.002033 544 321 606 410
0.784364 -0.106305 0.166495 -0.408951 0.150307 2.009719 544 322 606 408
1.140112 -0.104921 0.076963 -0.407790 0.145932 2.018875 544 322 606 410
1.142921 -0.043320 0.084740 -0.407790 0.141058 2.020354 543 322 606 410
1.077031 -0.049905 0.107374 -0.412818 0.141058 2.020354 542 320 606 410
1.001169 0.044828 0.108732 -0.414644 0.141058 2.018875 542 319 606 410
1.217286 0.055843 0.064027 -0.407790 0.145932 2.002033 539 321 600 408
-0.254336 0.056357 0.604146 -0.407790 0.148898 1.995941 539 320 600 408
0.827970 0.129881 0.165552 -0.408108 0.148898 1.993286 539 320 600 406
1.273067 0.105715 0.074891 -0.408108 0.148898 1.993286 539 320 600 407
1.061153 0.113553 0.114892 -0.408108 0.148898 1.993286 539 320 600 407
0.993748 0.101711 0.147223 -0.408104 0.148746 1.993286 540 322 600 406
1.320665 0.103529 0.076387 -0.405316 0.145970 1.993291 540 322 600 406
0.645220 0.150870 0.255160 -0.402521 0.145963 1.993291 539 324 599 405
-0.742898 0.024950 0.526721 -0.402521 0.145950 1.993291 538 323 597 408
1.243869 0.048478 0.079627 -0.400024 0.134464 1.993291 537 322 598 408
0.139020 0.073883 0.398941 -0.396199 0.134464 1.994858 537 324 598 411
-0.814160 0.019399 0.310645 -0.395522 0.134464 1.994858 537 324 597 410
-1.375350 -0.129799 0.203713 -0.386236 0.134464 1.994858 537 324 596 407
-0.620866 0.044668 0.335003 -0.385708 0.139167 2.007810 538 325 596 406
0.158435 0.023698 0.345917 -0.385708 0.139167 2.007810 542 326 588 405
0.303775 0.019753 0.193143 -0.384798 0.145964 2.008588 538 326 596 406
-0.931334 0.059215 0.166560 -0.377273 0.146199 2.008588 535 325 595 410
-0.604207 -0.000555 0.378390 -0.383529 0.148235 2.008588 532 325 590 406
-0.424708 -0.044705 0.229692 -0.384798 0.154644 2.008588 532 326 581 406
-0.959249 0.034850 0.153412 -0.392381 0.157983 2.006364 526 321 575 405
-1.311074 -0.105451 0.120342 -0.399965 0.161323 2.004140 520 324 569 411
-1.516728 -0.032243 0.144521 -0.407548 0.164662 2.001916 510 326 568 414
-1.248761 0.006366 0.132260 -0.415131 0.168002 1.999691 510 326 569 414
-0.937463 -0.044204 0.336688 -0.422714 0.171341 1.997467 511 326 571 414
-0.986288 -0.106136 0.267014 -0.430298 0.174681 1.995243 512 326 572 416
-1.691905 -0.088434 0.123037 -0.437881 0.178020 1.993019 512 326 573 416
-1.463188 -0.082171 0.171249 -0.445464 0.181360 1.990795 513 326 572 413
-1.501562 -0.137667 0.169697 -0.446126 0.181360 1.987484 513 326 573 414
-1.704661 -0.087263 0.118871 -0.450889 0.180796 1.986774 514 326 574 412
-1.068504 -0.119447 0.339000 -0.465261 0.179478 1.982363 516 326 576 413
-0.975946 -0.001303 0.294371 -0.472352 0.170788 1.982146 518 326 578 414
-1.096635 -0.161595 0.245057 -0.480110 0.155342 1.964322 520 326 580 412
-1.103277 -0.198002 0.182803 -0.480114 0.154960 1.961920 521 326 581 413
-0.743448 -0.191510 0.186262 -0.480114 0.154960 1.961903 520 326 580 412
-0.355082 -0.236595 0.234893 -0.480114 0.154960 1.960449 518 326 578 416
-0.746456 -0.245630 0.194929 -0.480110 0.154960 1.961903 515 327 573 411
-0.554045 -0.277539 0.149703 -0.447465 0.166814 1.961903 512 324 562 406
-0.517157 -0.410643 0.147760 -0.350480 0.168702 1.961920 515 322 563 404
-0.445379 -0.413605 0.104810 -0.350480 0.172557 1.976769 525 322 572 400
-0.379272 -0.338656 0.122661 -0.350480 0.172557 1.980253 529 322 573 403
0.007070 -0.135008 0.084534 -0.350480 0.172557 1.980253 532 324 579 405
-0.267295 -0.139122 0.093401 -0.356308 0.166814 1.980253 536 330 585 412
-0.157081 -0.169212 0.073352 -0.369131 0.149896 1.980253 537 331 585 414
-0.066783 -0.088782 0.067643 -0.369131 0.149896 1.980253 535 330 584 414
-0.152442 -0.072752 0.075611 -0.369131 0.149896 1.980253 530 331 572 410
-0.150622 -0.314691 0.089776 -0.369131 0.149896 1.980253 528 330 570 408
-0.183586 -0.342778 0.082878 -0.366982 0.162254 1.998768 528 328 571 406
-0.030988 -0.330800 0.083567 -0.363463 0.172233 2.006335 529 326 573 406
-0.172387 -0.297156 0.081740 -0.357335 0.172233 2.019125 523 324 568 406
-0.172827 -0.284084 0.082337 -0.354436 0.172233 2.031722 517 326 559 406
-0.001154 -0.249104 0.085291 -0.343310 0.172233 2.031722 515 327 557 408
-0.193428 -0.221119 0.072257 -0.343310 0.169938 2.031722 518 326 561 410
-0.099680 -0.182731 0.065967 -0.343310 0.163210 2.031722 521 328 566 410
0.028464 -0.152630 0.067707 -0.343310 0.162247 2.019625 526 327 571 409
-0.151860 -0.160707 0.065932 -0.358016 0.160313 2.016065 529 328 574 408
-0.090301 -0.101599 0.056644 -0.375200 0.160061 2.015728 533 327 578 410
0.033910 -0.061474 0.055344 -0.379694 0.158506 2.013032 534 327 581 411
-0.149811 -0.134308 0.060193 -0.386779 0.156563 2.009315 536 328 583 412
-0.078495 -0.051933 0.050923 -0.410546 0.156563 1.999336 539 330 585 411
-0.006834 -0.022836 0.051758 -0.420506 0.155362 1.995170 543 328 590 412
0.008598 -0.033270 0.059936 -0.430177 0.154417 1.993773 546 329 593 410
-0.023937 -0.016699 0.055633 -0.443731 0.146643 1.992147 551 330 596 413
0.006203 -0.032215 0.057367 -0.459302 0.140869 1.989015 552 330 596 413
-0.012271 -0.020589 0.056282 -0.459302 0.139596 1.989015 551 330 596 413
-0.038453 0.000345 0.049818 -0.459302 0.139570 1.989015 551 330 596 413
-0.023064 -0.006846 0.049151 -0.459302 0.139570 1.989015 550 330 596 413
-0.041832 -0.000559 0.047933 -0.455399 0.139570 1.989265 548 330 593 412
-0.066530 0.012095 0.046514 -0.454417 0.139570 1.989273 548 330 592 412
-0.049811 0.010274 0.047615 -0.447031 0.139636 1.993171 546 330 592 412
