0.412085 -0.647163 0.179306 -0.581460 0.005700 1.915895 596 369 641 453
0.119762 -0.507686 0.156774 -0.582349 0.009396 1.915895 596 369 641 454
-0.132733 -0.079570 0.097317 -0.582349 0.010622 1.915895 596 369 641 453
0.486864 -0.064636 0.080658 -0.582349 0.010748 1.916441 596 370 641 452
0.258728 -0.034131 0.076380 -0.581460 0.010748 1.916441 597 370 640 452
0.381051 -0.045815 0.069323 -0.581460 0.013932 1.916441 597 366 639 445
0.061114 -0.067169 0.085241 -0.582349 0.017978 1.918678 598 366 640 445
0.030369 -0.029685 0.065495 -0.582526 0.024333 1.918678 599 366 641 444
0.218523 -0.020266 0.063801 -0.589139 0.032951 1.918678 599 365 642 445
0.104195 -0.057141 0.065981 -0.589469 0.038996 1.918678 600 366 643 445
-0.041639 -0.013527 0.061544 -0.594235 0.038996 1.907480 600 366 642 445
0.038287 -0.021126 0.061374 -0.594235 0.038996 1.907480 600 366 642 444
0.046705 -0.044181 0.059937 -0.594431 0.038996 1.906167 600 366 642 445
0.019914 -0.046889 0.060182 -0.594431 0.038489 1.905203 600 366 642 445
0.050847 -0.070687 0.067829 -0.594302 0.038484 1.900586 600 366 643 446
-0.064730 -0.027334 0.076367 -0.594302 0.038484 1.900586 600 366 643 445
0.168322 -0.096671 0.064830 -0.594431 0.038484 1.900582 600 366 643 445
0.055346 -0.074606 0.063442 -0.594431 0.038432 1.900532 600 366 643 446
0.091204 -0.059038 0.063135 -0.594302 0.038432 1.900532 601 366 643 445
-0.206133 -0.047664 0.062258 -0.594300 0.038432 1.900335 601 366 643 446
0.046067 -0.073497 0.055815 -0.594300 0.038276 1.899610 600 369 644 451
-0.190276 -0.055987 0.067135 -0.591843 0.038276 1.899610 601 366 643 446
0.134973 -0.085848 0.055321 -0.591843 0.038276 1.899610 600 369 645 451
0.122537 -0.071553 0.068890 -0.591843 0.038120 1.898316 600 369 645 451
-0.171834 -0.051436 0.060136 -0.591662 0.038120 1.898316 601 367 643 445
-0.012833 -0.072174 0.054535 -0.591504 0.038363 1.899551 600 369 644 451
-0.054215 -0.115991 0.060798 -0.591504 0.039147 1.899551 600 368 645 452
0.365673 -0.169078 0.080303 -0.591504 0.039147 1.899551 600 369 645 451
0.242322 -0.169275 0.073926 -0.591504 0.038363 1.899551 600 369 644 451
0.125545 -0.147088 0.065038 -0.595634 0.036676 1.899551 599 368 644 452
0.490657 -0.213194 0.077329 -0.595634 0.036284 1.899551 599 368 644 452
0.339934 -0.205880 0.082920 -0.595646 0.036278 1.895495 600 368 645 452
-0.155201 -0.054667 0.059302 -0.616712 0.032788 1.895485 601 369 646 451
0.652967 -0.286286 0.087921 -0.616712 0.027154 1.894047 601 369 645 452
0.462273 -0.317811 0.108556 -0.616712 0.027154 1.891694 600 369 645 452
0.413484 -0.323150 0.115786 -0.616712 0.027154 1.888949 600 369 645 452
0.776969 -0.414790 0.097743 -0.615428 0.026933 1.886582 600 369 645 451
0.522809 -0.372008 0.113274 -0.613775 0.027154 1.886582 599 368 644 452
0.387185 -0.345846 0.123176 -0.613711 0.027641 1.887985 600 369 644 452
0.840915 -0.614082 0.125950 -0.612424 0.027641 1.887985 599 369 644 452
0.348068 -0.329907 0.111297 -0.607451 0.027641 1.887985 600 368 643 453
0.565087 -0.498461 0.167335 -0.598277 0.026933 1.891170 599 370 642 451
0.913987 -0.729264 0.139347 -0.595239 0.014873 1.908383 597 370 642 453
0.317572 -0.453111 0.182891 -0.593387 0.007584 1.908458 597 370 642 454
0.496462 -0.449558 0.165479 -0.588555 0.002385 1.910524 596 370 642 454
0.632133 -0.641009 0.148274 -0.577403 0.002133 1.912768 596 371 642 454
0.084071 -0.295795 0.182475 -0.577096 0.002010 1.914103 595 371 641 456
-0.135058 -0.058973 0.092743 -0.571824 0.001705 1.914800 595 371 640 455
0.370835 -0.609532 0.197692 -0.571761 0.000582 1.915061 595 372 640 455
0.303186 -0.532527 0.266140 -0.571551 0.000180 1.915124 595 372 640 456
0.203681 -0.429962 0.201827 -0.570510 0.000180 1.915156 595 371 640 455
0.227170 -0.484727 0.191483 -0.570420 0.000159 1.915180 595 372 640 456
-0.079350 -0.096641 0.096316 -0.570405 0.000132 1.915180 595 371 640 455
0.326101 -0.469496 0.257770 -0.569933 0.000087 1.915765 595 371 640 456
0.208986 -0.491613 0.191394 -0.569933 0.000047 1.915765 595 372 640 456
0.971285 -0.940049 0.228805 -0.569933 0.000047 1.915765 595 372 640 456
-0.042767 -0.100597 0.133767 -0.569933 0.000047 1.915765 595 371 640 456
0.184692 -0.420531 0.213076 -0.569933 0.000047 1.915745 595 371 640 456
0.875706 -0.912510 0.228022 -0.570579 0.000047 1.914915 595 371 640 456
0.137007 -0.404329 0.160026 -0.570579 0.000155 1.914786 595 371 640 456
-0.010279 -0.304469 0.118862 -0.571287 0.000255 1.914704 595 371 641 456
0.480912 -0.662859 0.195829 -0.571287 0.000279 1.914704 595 371 641 456
0.071992 -0.372594 0.147610 -0.571577 0.000255 1.914704 595 371 642 455
0.750019 -0.434682 0.151651 -0.575515 0.000255 1.908957 596 370 641 455
0.145785 -0.479992 0.153712 -0.578111 0.000226 1.905641 596 370 641 454
0.561732 -0.155500 0.106779 -0.581344 0.000226 1.905641 596 370 641 455
0.930420 -0.387886 0.126715 -0.584048 0.000226 1.905641 597 370 641 455
0.486617 -0.094390 0.105026 -0.584714 0.000226 1.905710 597 370 641 454
0.618852 -0.096283 0.096440 -0.585291 0.000226 1.907783 597 370 641 454
0.833865 -0.249653 0.104854 -0.585855 0.000625 1.907783 597 370 641 454
0.559805 -0.168092 0.100528 -0.585897 0.000712 1.909771 598 370 642 454
0.609657 -0.116987 0.086810 -0.586204 0.000718 1.909812 598 370 642 453
0.650649 -0.231870 0.089187 -0.586846 0.000844 1.912409 599 370 642 452
0.469961 -0.131549 0.094153 -0.586875 0.000850 1.912409 599 370 642 452
0.443848 -0.152721 0.091960 -0.586875 0.000850 1.912409 599 370 643 452
0.380420 -0.133378 0.087279 -0.586876 0.000851 1.912409 599 370 644 452
0.279247 -0.124927 0.090736 -0.590848 0.008797 1.909690 599 370 644 452
0.161752 -0.096689 0.084388 -0.591016 0.009123 1.908775 599 369 644 453
0.140517 -0.131467 0.082007 -0.594783 0.009395 1.907375 600 369 644 452
0.034501 -0.125565 0.081027 -0.595705 0.015130 1.907111 600 368 644 454
-0.103097 -0.106681 0.073560 -0.603070 0.015167 1.899875 600 368 645 453
-0.123535 -0.135414 0.072397 -0.603101 0.015171 1.899863 600 368 646 452
-0.175667 -0.125162 0.074182 -0.603107 0.015171 1.899859 601 368 646 452
-0.291012 -0.124842 0.066825 -0.603107 0.015171 1.899859 601 368 646 452
-0.237827 -0.149381 0.067936 -0.606739 0.026384 1.893235 601 368 646 452
-0.324734 -0.159439 0.068188 -0.606752 0.026384 1.893235 600 368 646 452
-0.395006 -0.149704 0.057326 -0.607039 0.026384 1.893235 601 368 646 452
-0.143199 -0.162753 0.068289 -0.607227 0.026384 1.893235 601 368 646 452
-0.156592 -0.163255 0.067279 -0.608013 0.023144 1.895708 601 368 646 452
-0.215985 -0.153290 0.057320 -0.608257 0.023144 1.895708 601 368 646 452
0.115963 -0.161584 0.072629 -0.608262 0.023144 1.895708 601 368 646 452
0.119205 -0.152093 0.076733 -0.608262 0.023144 1.895708 601 368 646 452
-0.066856 -0.146262 0.077959 -0.608262 0.023144 1.895708 601 368 646 452
0.310183 -0.187074 0.081472 -0.608262 0.023144 1.895708 601 368 646 452
0.371557 -0.163890 0.083457 -0.608262 0.023144 1.895708 601 369 646 452
0.262432 -0.140897 0.091025 -0.608262 0.023144 1.895708 601 368 646 452
0.519943 -0.197236 0.075934 -0.608262 0.023144 1.895708 601 369 646 452
0.579366 -0.145005 0.074301 -0.608262 0.023144 1.895708 601 368 646 452
0.493894 -0.116790 0.087322 -0.608262 0.023144 1.895708 601 369 646 452
0.715340 -0.168969 0.064368 -0.609572 0.022111 1.895424 601 369 646 452
0.762000 -0.114953 0.062333 -0.609572 0.021403 1.893238 602 369 646 452
0.725126 -0.093869 0.076443 -0.610286 0.019713 1.891929 601 369 647 452
0.763755 -0.147757 0.055736 -0.610286 0.019543 1.891314 601 369 647 453
0.795336 -0.085253 0.054264 -0.610286 0.019543 1.891314 602 369 646 452
0.785151 -0.054777 0.063613 -0.610286 0.019543 1.891314 602 369 646 452
0.606855 -0.100490 0.054479 -0.610286 0.019542 1.891314 602 369 646 452
0.626990 -0.060185 0.052344 -0.610277 0.019542 1.891317 602 369 646 452
0.638442 -0.027704 0.057286 -0.610277 0.019542 1.891317 601 369 646 452
0.411696 -0.077347 0.057225 -0.610277 0.019542 1.891317 601 369 646 452
0.432728 -0.039792 0.054435 -0.610277 0.019542 1.891317 602 369 646 452
0.440575 -0.024917 0.075609 -0.610277 0.019542 1.891317 601 369 646 452
0.223255 -0.065740 0.056471 -0.610277 0.022021 1.890991 601 368 646 453
0.245843 -0.046845 0.056428 -0.610277 0.022164 1.887951 601 368 646 452
0.268941 -0.007553 0.066005 -0.610277 0.022164 1.886664 601 368 646 452
0.066703 -0.038211 0.052999 -0.612338 0.022164 1.886660 601 368 646 452
0.055131 -0.029527 0.052928 -0.612338 0.022021 1.886660 601 369 646 452
0.075170 0.012928 0.060446 -0.612338 0.023973 1.885853 601 368 646 452
-0.096047 -0.016179 0.050848 -0.612433 0.021955 1.885786 602 369 646 452
-0.112897 -0.008437 0.053698 -0.612433 0.021955 1.885786 602 368 646 452
-0.094746 0.039623 0.057302 -0.612433 0.021955 1.885786 601 368 647 452
-0.255201 -0.037235 0.048280 -0.612433 0.022349 1.885786 601 368 647 452
-0.180981 -0.029431 0.049948 -0.612067 0.022501 1.885969 601 368 647 452
-0.127583 -0.067931 0.049567 -0.611049 0.023843 1.886620 602 368 647 452
-0.252419 -0.046030 0.049403 -0.610979 0.023843 1.887252 602 368 647 452
-0.144224 -0.040122 0.050517 -0.610934 0.023918 1.887360 602 368 647 452
-0.103975 -0.073991 0.046692 -0.610934 0.023920 1.887360 602 368 647 452
-0.246465 -0.060813 0.053410 -0.610934 0.023920 1.887360 602 368 647 452
-0.011248 -0.026997 0.060776 -0.610934 0.023920 1.887360 602 368 647 452
-0.092663 -0.069946 0.047598 -0.611069 0.024013 1.887278 602 368 647 452
-0.232848 -0.047039 0.053960 -0.611069 0.024019 1.887278 602 368 647 452
0.028209 -0.006569 0.059504 -0.611072 0.024019 1.887278 602 368 647 452
0.042544 -0.019579 0.052261 -0.611072 0.024021 1.887278 602 369 646 452
0.226866 0.074231 0.064020 -0.611074 0.025939 1.887276 602 368 647 452
-0.017363 0.116887 0.059787 -0.611072 0.025939 1.887722 602 368 646 452
0.176887 0.111058 0.052760 -0.609004 0.025939 1.889292 602 369 647 451
0.234018 0.099911 0.062052 -0.608237 0.025939 1.892588 602 368 647 452
0.388940 0.141969 0.070832 -0.606914 0.024433 1.894037 601 368 645 444
0.174612 0.136578 0.055071 -0.600102 0.024433 1.897986 601 368 645 444
0.239548 0.144523 0.063428 -0.592544 0.024433 1.905269 600 370 646 450
0.018883 0.121251 0.055417 -0.587674 0.024433 1.908551 601 368 645 444
0.570153 0.167881 0.066745 -0.587422 0.024452 1.910569 601 368 645 444
0.515719 0.220813 0.081723 -0.587422 0.024482 1.910682 601 368 645 444
0.667154 0.206790 0.070979 -0.587422 0.024482 1.911304 601 368 645 444
0.699187 0.209682 0.068722 -0.587674 0.024482 1.911304 601 368 645 444
0.702989 0.216052 0.073180 -0.587834 0.024482 1.911304 601 368 645 444
0.781999 0.192155 0.067843 -0.587913 0.024330 1.911304 601 368 645 443
0.826853 0.191040 0.064417 -0.587913 0.024330 1.910835 601 368 645 444
0.828860 0.200975 0.064470 -0.587913 0.024330 1.910835 601 368 645 443
0.806083 0.192055 0.064771 -0.587913 0.024330 1.910835 601 368 645 443
0.874993 0.184893 0.056456 -0.587834 0.024330 1.910835 601 368 645 443
0.888332 0.182286 0.056475 -0.586461 0.025537 1.912652 601 368 645 443
0.852140 0.186579 0.056373 -0.586461 0.025539 1.912652 601 368 645 443
0.882134 0.182707 0.056801 -0.586461 0.025629 1.913091 601 368 645 443
0.808504 0.183041 0.057677 -0.586461 0.025629 1.913190 601 368 645 443
0.765482 0.202278 0.059769 -0.589387 0.027350 1.913516 601 368 645 443
0.815469 0.176337 0.061551 -0.589387 0.027596 1.913587 601 368 645 443
0.632109 0.189220 0.059686 -0.589387 0.028406 1.913881 601 368 645 443
0.607211 0.198205 0.060480 -0.589387 0.028406 1.913881 601 368 645 444
0.638437 0.158692 0.062733 -0.589386 0.028406 1.913881 601 368 645 444
0.424062 0.179685 0.065094 -0.589386 0.028406 1.913881 601 368 645 444
0.404368 0.187465 0.063018 -0.589300 0.027897 1.913268 601 368 645 444
0.424768 0.151109 0.066193 -0.589300 0.027791 1.913205 601 368 645 444
0.261545 0.203531 0.078956 -0.589300 0.027791 1.913205 601 368 645 444
0.346152 0.171686 0.072183 -0.589300 0.027791 1.913205 601 368 645 443
0.223335 0.115576 0.073426 -0.589300 0.027780 1.913205 601 368 645 444
0.252371 0.148525 0.076203 -0.589300 0.027593 1.913205 601 368 644 444
0.557186 0.117701 0.072688 -0.589300 0.027583 1.913205 601 368 644 444
0.481604 0.047206 0.080239 -0.589300 0.027575 1.913205 601 367 645 444
0.246080 0.094772 0.073514 -0.589428 0.027444 1.913014 602 368 647 452
0.569216 0.078944 0.072186 -0.589428 0.027444 1.913014 603 368 647 452
0.452868 0.035012 0.080489 -0.602402 0.024354 1.906900 603 368 647 452
0.132054 0.059885 0.070263 -0.604270 0.024354 1.905371 603 368 647 452
0.519946 0.033512 0.075362 -0.605769 0.024354 1.903261 603 368 647 452
0.630664 -0.016558 0.083908 -0.605769 0.024354 1.902430 603 368 647 452
0.139975 0.033856 0.077800 -0.604270 0.028098 1.902430 603 368 647 452
0.525841 0.010066 0.086956 -0.604270 0.028098 1.900736 603 368 647 452
0.633927 -0.049319 0.093000 -0.603403 0.028760 1.900736 603 368 647 452
-0.061298 0.001334 0.080630 -0.602567 0.029390 1.900736 603 368 647 452
0.299237 -0.044627 0.102002 -0.602093 0.029422 1.900736 603 368 647 452
0.429691 -0.070809 0.104434 -0.600737 0.030345 1.900736 603 368 647 452
-0.220873 -0.036699 0.082813 -0.599358 0.030345 1.901697 603 368 647 452
0.340637 -0.062365 0.121258 -0.599356 0.030408 1.902553 603 368 647 452
0.443868 -0.073866 0.108896 -0.598681 0.030408 1.902565 601 368 645 442
-0.101423 -0.023290 0.105808 -0.587557 0.030345 1.907663 600 368 646 442
0.504318 -0.039367 0.119726 -0.582357 0.030345 1.927713 600 368 646 443
0.607701 0.004478 0.118923 -0.579771 0.030345 1.930981 600 368 645 444
0.409956 0.265311 0.099175 -0.578003 0.028243 1.932991 599 370 644 450
-0.170690 0.063700 0.099489 -0.577080 0.026818 1.933787 600 370 645 451
-0.118873 0.146413 0.089823 -0.577080 0.025221 1.935556 600 370 644 451
0.638935 0.264543 0.093758 -0.577080 0.026818 1.935556 598 370 644 451
0.203110 -0.045182 0.096349 -0.579771 0.029546 1.933787 599 371 644 449
0.317812 0.026463 0.094981 -0.597401 0.024141 1.932991 600 371 644 450
-0.231031 -0.112297 0.083299 -0.597401 0.024141 1.931470 600 371 644 448
0.120413 0.001499 0.081044 -0.597401 0.024141 1.931470 600 368 643 443
0.128477 0.038201 0.093774 -0.597401 0.024141 1.931470 599 370 645 450
0.770580 0.209657 0.074623 -0.587559 0.024141 1.931470 598 370 644 452
0.455047 0.027483 0.113830 -0.583678 0.022150 1.931470 598 370 644 450
0.079165 0.078229 0.101678 -0.579335 0.022150 1.931470 598 370 644 451
0.556933 0.142135 0.092300 -0.575107 0.022150 1.931470 598 370 644 452
0.161833 -0.066553 0.132283 -0.572496 0.022150 1.926154 598 371 644 450
-0.219027 -0.045491 0.093891 -0.572496 0.022935 1.922134 598 370 644 450
0.219918 0.034130 0.107046 -0.572496 0.023725 1.920815 598 370 644 450
-0.001495 -0.092637 0.114478 -0.572496 0.024393 1.920618 598 370 643 450
-0.141133 -0.090175 0.069742 -0.578058 0.024475 1.907772 599 368 644 452
0.013880 -0.076940 0.097605 -0.585606 0.030595 1.890641 599 368 643 452
-0.176004 -0.155262 0.105528 -0.590214 0.032839 1.890641 599 365 641 446
-0.113955 -0.159587 0.075987 -0.590214 0.035565 1.890641 599 365 641 446
-0.322660 -0.193695 0.073223 -0.590357 0.036423 1.890641 599 369 642 452
-0.294602 -0.076742 0.077041 -0.590357 0.036531 1.892114 599 366 641 446
-0.109329 -0.215384 0.082317 -0.590214 0.036762 1.892540 599 369 643 452
-0.388436 -0.235468 0.082290 -0.590052 0.036946 1.896396 599 370 643 452
-0.313100 -0.160637 0.077188 -0.590037 0.036946 1.897166 599 370 643 452
-0.167895 -0.284055 0.082697 -0.587845 0.036762 1.897260 599 369 643 452
-0.374831 -0.256405 0.086425 -0.581541 0.036531 1.900172 599 370 643 452
-0.306381 -0.234933 0.099394 -0.581425 0.036134 1.900172 599 370 643 452
-0.113697 -0.322645 0.074786 -0.581425 0.033174 1.900243 599 370 644 451
0.117606 -0.061739 0.154327 -0.581378 0.033174 1.900683 598 370 644 451
-0.294160 -0.106871 0.123389 -0.563436 0.033174 1.917200 598 371 644 450
-0.415737 -0.199631 0.089112 -0.554121 0.033174 1.927839 598 370 645 451
0.166013 0.043545 0.108408 -0.546575 0.036134 1.937027 597 371 643 451
-0.161636 -0.044065 0.098577 -0.546575 0.036134 1.937027 595 370 642 452
-0.291954 -0.128569 0.072755 -0.546575 0.032307 1.937027 595 371 641 450
0.173450 0.103095 0.078963 -0.546575 0.031707 1.937027 595 371 640 452
-0.040918 -0.256544 0.110267 -0.547686 0.025488 1.925365 596 370 642 453
0.215962 -0.287132 0.089051 -0.570199 0.025488 1.899592 597 370 642 454
-0.024073 -0.229622 0.100042 -0.572796 0.025488 1.898985 598 370 643 452
0.217923 -0.216086 0.112399 -0.574479 0.025488 1.898498 599 369 644 452
0.361591 -0.224415 0.095650 -0.593863 0.027707 1.886986 599 370 645 452
0.101288 -0.137609 0.086239 -0.594773 0.029011 1.885699 600 369 645 452
0.303936 -0.122645 0.088083 -0.594775 0.029011 1.885673 600 370 645 452
0.474263 -0.144289 0.103086 -0.594781 0.029011 1.885652 599 370 645 452
0.188825 -0.076655 0.101591 -0.594781 0.029011 1.885652 599 370 645 453
0.382542 -0.099520 0.097911 -0.594781 0.029011 1.885652 599 370 644 453
0.557274 -0.131090 0.119402 -0.594781 0.029011 1.885652 599 370 645 453
0.323963 -0.144040 0.149668 -0.594781 0.029011 1.885652 600 369 645 452
0.399371 -0.198902 0.136355 -0.597659 0.029011 1.881557 600 369 645 452
0.631632 -0.262780 0.157375 -0.598005 0.029704 1.881286 600 369 645 452
0.463018 -0.333880 0.212122 -0.598064 0.029704 1.881286 600 370 645 452
0.559221 -0.388021 0.190971 -0.598498 0.029704 1.881286 600 369 645 452
0.756412 -0.386787 0.175915 -0.598498 0.029704 1.881286 600 369 645 454
0.638696 -0.498613 0.234217 -0.598498 0.029704 1.881286 599 370 643 454
0.748322 -0.472485 0.207580 -0.598498 0.029704 1.881286 596 372 642 456
0.684189 -0.395106 0.158038 -0.598498 0.029704 1.881286 595 372 641 457
0.756239 -0.500468 0.205870 -0.583967 -0.009087 1.911101 593 373 640 456
0.882261 -0.404835 0.165926 -0.574267 -0.010251 1.911521 591 374 637 458
0.549592 -0.353738 0.131767 -0.559317 -0.010251 1.911521 590 374 637 459
0.698965 -0.428678 0.171381 -0.559317 -0.010251 1.911521 590 374 637 459
0.673638 -0.371492 0.164231 -0.559317 -0.010251 1.911101 591 374 638 458
0.425213 -0.289281 0.112408 -0.559317 -0.007146 1.909906 594 372 640 456
0.405406 -0.296359 0.132825 -0.574684 0.005509 1.904049 594 372 641 455
0.473853 -0.212992 0.127909 -0.577947 0.007427 1.898984 595 372 642 454
0.371398 -0.142041 0.087481 -0.581144 0.014164 1.891888 597 372 643 454
0.349661 -0.149001 0.095235 -0.585287 0.020742 1.888494 598 371 643 454
0.408111 -0.107550 0.096239 -0.585867 0.022407 1.888451 598 370 643 454
0.328578 -0.074034 0.087813 -0.586177 0.028474 1.887609 598 370 644 453
0.316612 -0.102621 0.098897 -0.586193 0.030046 1.885171 598 370 643 453
0.379468 -0.110917 0.108495 -0.591944 0.030046 1.884989 599 370 643 452
0.392811 -0.121786 0.112324 -0.591944 0.030434 1.884989 599 369 643 452
0.386259 -0.205765 0.127027 -0.591944 0.031062 1.884989 599 370 644 452
0.422122 -0.211755 0.135020 -0.592834 0.031062 1.884989 599 370 644 452
0.511493 -0.226252 0.143466 -0.593039 0.032000 1.887481 599 369 643 452
0.513603 -0.319286 0.130411 -0.593039 0.032000 1.888742 599 370 644 452
0.551367 -0.360426 0.151727 -0.594179 0.032022 1.892642 601 365 643 446
0.695595 -0.328958 0.139246 -0.602202 0.032022 1.894351 601 364 645 444
0.666381 -0.401962 0.122244 -0.611544 0.032022 1.899751 602 365 645 443
0.719511 -0.438851 0.144444 -0.611544 0.032022 1.924962 601 366 645 445
0.827006 -0.374436 0.128118 -0.611544 0.023796 1.939671 599 370 645 451
0.815382 -0.419872 0.115804 -0.611544 0.009612 1.939671 597 370 642 452
0.885399 -0.475224 0.156411 -0.592620 0.009612 1.939671 596 372 641 453
0.877721 -0.376815 0.122489 -0.592573 0.009612 1.939671 596 371 641 452
0.912653 -0.377542 0.092352 -0.592573 0.009612 1.916779 598 369 643 452
0.946618 -0.437450 0.122018 -0.592573 0.024140 1.915357 599 367 642 444
0.903802 -0.355115 0.104590 -0.592573 0.026317 1.912036 600 365 644 444
0.903337 -0.343600 0.080574 -0.595099 0.031396 1.912036 603 363 647 441
0.933745 -0.360762 0.097204 -0.614796 0.057740 1.912036 606 359 652 440
0.887357 -0.274795 0.080498 -0.632643 0.057740 1.916779 608 358 652 437
0.876240 -0.271825 0.069727 -0.631963 0.056585 1.917045 607 359 652 436
0.897001 -0.274939 0.087488 -0.631284 0.055430 1.917312 606 359 652 437
0.865698 -0.169410 0.068042 -0.630604 0.054275 1.917579 607 360 652 436
0.811993 -0.237067 0.073557 -0.629925 0.053120 1.917846 607 360 652 436
0.852859 -0.207563 0.082382 -0.629245 0.051964 1.918112 606 361 651 436
0.834286 -0.094515 0.067716 -0.628565 0.050809 1.918379 603 362 648 436
0.782894 -0.192479 0.081210 -0.627886 0.049654 1.918646 602 363 647 436
0.821431 -0.141345 0.084752 -0.627206 0.048499 1.918913 601 363 647 437
0.813247 -0.027240 0.071987 -0.626527 0.047344 1.919179 601 363 646 438
0.790736 -0.136086 0.083418 -0.625847 0.046189 1.919446 601 364 647 438
0.799871 -0.089885 0.086546 -0.625167 0.045034 1.919713 600 363 647 437
0.798156 0.020711 0.073695 -0.624488 0.043879 1.919980 601 364 647 439
0.176990 -0.211034 0.128378 -0.623808 0.042724 1.920246 601 364 648 439
0.811401 -0.054268 0.079867 -0.623129 0.041569 1.920513 601 364 647 438
0.811024 0.046083 0.067264 -0.622449 0.040414 1.920780 601 364 646 438
0.793945 -0.024582 0.082432 -0.621769 0.039258 1.921047 601 365 646 440
0.823133 -0.010929 0.076400 -0.621090 0.038103 1.921313 601 365 646 440
0.830366 0.086114 0.065499 -0.620410 0.036948 1.921580 601 365 647 441
0.815974 0.016579 0.078718 -0.619730 0.035793 1.921847 602 364 648 443
0.834592 0.014816 0.084130 -0.619051 0.034638 1.922114 602 364 648 444
0.843123 0.096381 0.062647 -0.618371 0.033483 1.922380 604 362 653 442
0.832031 0.051145 0.070481 -0.617692 0.032328 1.922647 605 362 653 444
0.883373 0.033130 0.077026 -0.617012 0.031173 1.922914 605 362 653 442
0.857505 0.094079 0.061682 -0.616332 0.030018 1.923181 605 362 653 442
0.852890 0.084516 0.060663 -0.615653 0.028863 1.923448 605 361 654 442
0.910872 0.009686 0.081680 -0.614973 0.027707 1.923714 606 362 654 442
0.876743 0.063348 0.070784 -0.614294 0.026552 1.923981 605 362 654 442
0.845332 0.072187 0.071330 -0.613614 0.025397 1.924248 603 364 647 441
0.921814 -0.083656 0.100351 -0.612934 0.024242 1.924515 602 366 645 441
0.878547 -0.023959 0.086351 -0.612255 0.023087 1.924781 601 368 646 443
0.798540 0.128373 0.059287 -0.611575 0.021932 1.925048 600 369 647 452
0.889757 0.004473 0.080361 -0.610896 0.020777 1.925315 600 370 647 452
0.927131 -0.168723 0.110348 -0.602471 0.018500 1.924347 600 370 647 452
0.755706 0.145985 0.073388 -0.596774 0.017616 1.922525 600 371 645 452
0.893083 -0.010664 0.099033 -0.590862 0.016532 1.920972 600 372 645 453
1.015021 -0.343970 0.130440 -0.590008 0.011078 1.920972 599 372 644 454
0.731543 0.123388 0.087917 -0.589764 0.005651 1.920972 597 374 644 458
0.618668 -0.034375 0.151269 -0.589762 0.005648 1.922525 595 376 642 459
0.854604 -0.550584 0.220993 -0.580723 -0.015177 1.927317 594 377 641 460
0.240028 -0.364975 0.138171 -0.574627 -0.015981 1.927552 593 378 640 462
0.470190 -0.272049 0.153696 -0.572152 -0.015981 1.927552 593 378 640 462
0.580234 -0.613346 0.296798 -0.571945 -0.015981 1.927552 593 379 640 462
0.076329 -0.014365 0.127467 -0.571945 -0.015981 1.927317 594 378 640 462
-0.443205 -0.208041 0.165352 -0.563387 -0.015861 1.924465 595 378 641 461
0.044129 -0.595792 0.388378 -0.563387 -0.015618 1.924465 595 376 641 459
-0.177644 -0.122310 0.133981 -0.563387 -0.007660 1.924465 597 372 645 453
0.012876 -0.259756 0.283688 -0.563387 0.009395 1.920841 600 372 648 450
-0.901860 -0.239349 0.113313 -0.569953 0.024388 1.920841 602 372 647 448
-0.921882 -0.445726 0.285562 -0.579493 0.029377 1.920841 610 366 658 444
-0.645887 -0.213033 0.438248 -0.606851 0.034009 1.920841 614 366 663 444
-0.310796 -0.337312 0.353048 -0.644993 0.034675 1.920097 617 369 664 441
-1.496276 -0.433375 0.203142 -0.650165 0.043295 1.919372 618 370 664 440
-1.359770 -0.197274 0.322744 -0.650165 0.047550 1.919372 618 368 664 439
-0.415543 -0.278548 0.329763 -0.650165 0.062999 1.919372 614 366 668 437
-0.530160 -0.242755 0.227180 -0.650165 0.066363 1.920097 613 366 668 436
-1.039162 -0.323186 0.221804 -0.638356 0.066363 1.921966 610 365 666 437
-0.427871 -0.271475 0.297283 -0.623533 0.066363 1.921966 609 365 665 438
-0.403248 -0.216423 0.324102 -0.622308 0.066363 1.921966 607 365 664 438
-0.724321 -0.270297 0.381848 -0.622230 0.059004 1.921966 606 363 663 436
0.338480 -0.133088 0.310781 -0.622229 0.059004 1.921966 606 362 663 439
0.387241 -0.148178 0.400253 -0.622054 0.059004 1.921966 607 364 664 440
0.413482 -0.102687 0.525147 -0.617974 0.059004 1.921966 607 363 663 439
0.705734 -0.053584 0.209708 -0.617340 0.059354 1.923373 606 364 663 439
0.999634 -0.079664 0.174685 -0.616442 0.060426 1.925118 606 364 663 439
1.054532 -0.017052 0.185407 -0.616395 0.060428 1.925118 606 364 663 439
0.846511 0.005583 0.148581 -0.616395 0.060428 1.925119 607 364 663 439
1.072589 -0.020846 0.125870 -0.616395 0.060428 1.925171 608 364 664 440
1.090999 0.045250 0.121467 -0.616395 0.060426 1.925171 606 363 663 440
0.939805 0.079706 0.105246 -0.616395 0.058055 1.928098 607 359 657 440
1.084278 0.034309 0.092018 -0.616389 0.046339 1.933702 606 359 656 442
1.101062 0.088584 0.084797 -0.612528 0.046044 1.945183 605 360 655 442
0.937985 0.127448 0.077229 -0.612528 0.035751 1.945183 605 360 655 442
0.995211 0.097623 0.073488 -0.612528 0.035751 1.945183 606 359 656 442
1.034733 0.132423 0.064599 -0.612528 0.035751 1.945183 607 361 656 442
0.854343 0.172525 0.062787 -0.620410 0.035751 1.934400 608 361 657 442
0.887845 0.153716 0.075729 -0.621993 0.035804 1.932902 608 361 656 442
0.885732 0.133314 0.058477 -0.621993 0.036092 1.927413 608 361 656 442
0.620821 0.146015 0.057257 -0.621993 0.036092 1.926972 607 362 655 442
0.618291 0.123571 0.078547 -0.621993 0.036092 1.926869 607 362 655 442
0.744943 0.049820 0.074205 -0.621897 0.035804 1.926717 606 362 655 442
0.472991 0.038701 0.071764 -0.618922 0.031564 1.924933 606 362 654 442
0.521405 -0.031462 0.114221 -0.618922 0.031564 1.911571 607 362 654 444
0.734391 -0.132807 0.114871 -0.618922 0.031460 1.911191 607 362 654 444
0.432082 -0.080050 0.098736 -0.618922 0.030533 1.910432 608 363 654 444
0.567541 -0.226018 0.159134 -0.618632 0.030140 1.910432 608 364 654 444
-0.583909 -0.386853 0.095286 -0.618632 0.030140 1.911004 606 363 654 448
-0.418238 -0.376908 0.091296 -0.618632 0.014066 1.910432 605 370 652 452
-0.199409 -0.457361 0.143013 -0.618605 0.011541 1.909228 602 368 648 454
0.645612 -0.559457 0.161758 -0.610275 0.009723 1.908986 600 372 646 455
0.227640 -0.402783 0.128228 -0.594245 0.000379 1.907611 599 372 645 455
0.097336 -0.530044 0.193978 -0.583621 -0.000192 1.907399 598 372 644 456
0.147498 -0.664389 0.169232 -0.579559 -0.001042 1.901107 597 372 644 457
0.056778 -0.449895 0.155394 -0.569809 -0.001042 1.899521 596 372 644 457
-0.418526 -0.575443 0.175629 -0.569273 -0.001042 1.898956 596 374 644 458
-0.324879 -0.716757 0.178135 -0.569218 -0.000984 1.896628 596 373 644 458
-0.431144 -0.539313 0.166556 -0.565411 -0.000736 1.898956 597 372 644 458
-0.621054 -0.505523 0.136847 -0.564880 -0.000736 1.898956 597 372 645 456
-0.551286 -0.206304 0.263074 -0.564880 -0.000369 1.899521 598 371 646 450
-0.747268 -0.414452 0.129987 -0.564880 0.031644 1.896628 597 368 652 443
-1.012584 -0.381861 0.138351 -0.564880 0.038029 1.896322 609 366 667 440
-0.923285 -0.174049 0.467996 -0.594358 0.040105 1.896322 618 364 677 443
-1.030905 -0.333122 0.118703 -0.647054 0.040105 1.881509 623 366 682 439
-1.119031 -0.437120 0.250166 -0.675776 0.040105 1.853695 630 364 689 444
-0.414507 -0.068520 1.018595 -0.693612 0.040105 1.852756 639 366 696 439
-0.782152 -0.176293 0.765784 -0.773349 0.030566 1.776155 643 366 700 442
-1.228385 -0.274834 0.634483 -0.774465 0.021256 1.754963 645 366 705 456
0.695649 0.067687 1.766323 -0.799307 0.019003 1.754963 646 367 706 458
0.394082 -0.007686 1.340023 -0.799307 0.019003 1.754963 647 367 707 458
-0.954224 -0.064266 1.103277 -0.799307 0.019003 1.754963 646 366 708 458
0.722279 0.111290 1.464386 -0.799307 0.021256 1.786055 641 364 709 461
0.807756 0.041094 1.260652 -0.773926 0.051743 1.786055 641 364 711 462
-1.400692 -0.067864 0.645653 -0.765694 0.055815 1.786055 643 364 712 460
1.346932 0.088045 1.339587 -0.765694 0.106997 1.786055 644 366 713 458
1.576765 0.133716 0.746136 -0.765694 0.111321 1.762888 643 367 713 458
-1.422979 -0.086798 0.639140 -0.765736 0.111321 1.762888 643 367 714 458
1.994639 0.092173 0.461627 -0.765739 0.111321 1.762888 652 365 720 462
1.517262 0.152509 0.510967 -0.765740 0.111321 1.762888 644 368 713 458
-1.003281 -0.024786 1.211741 -0.765740 0.099969 1.763833 654 365 717 442
2.018374 0.141229 0.252401 -0.771312 0.097104 1.765072 642 368 714 460
1.454870 0.154479 0.429727 -0.775282 0.095651 1.777228 654 365 718 462
-0.751875 -0.063274 1.145044 -0.775371 0.048167 1.818684 653 364 717 464
1.774578 0.057073 0.251115 -0.775703 0.042026 1.823589 647 366 713 459
1.407621 0.102774 0.391397 -0.775887 0.042026 1.823740 647 366 713 460
-0.296549 -0.043263 1.263556 -0.775887 0.042026 1.824852 646 365 714 461
1.535109 0.000078 0.256986 -0.777007 0.048167 1.824852 645 366 714 458
1.328027 -0.055028 0.278717 -0.784438 0.057700 1.825522 646 366 712 458
0.344039 -0.173331 0.904687 -0.784438 0.063426 1.827559 647 365 712 458
1.188980 -0.097836 0.228015 -0.784438 0.063426 1.829279 645 366 710 458
0.664389 -0.185761 0.321044 -0.784438 0.063426 1.841530 645 364 703 444
-0.024085 -0.364470 0.381621 -0.778130 0.063426 1.841530 638 364 698 446
0.541173 -0.184378 0.249397 -0.743217 0.062864 1.837106 636 366 685 444
-0.075028 -0.228682 0.217985 -0.723010 0.045912 1.837754 630 360 681 448
-0.151691 -0.407305 0.179973 -0.669414 0.039092 1.840409 622 361 681 448
0.005370 -0.244396 0.178702 -0.660960 0.038132 1.837754 619 364 668 444
-0.319153 -0.292583 0.140057 -0.633411 0.035277 1.837754 617 363 665 445
-0.260730 -0.434994 0.123970 -0.628156 0.033744 1.837754 616 362 664 446
-0.266691 -0.316853 0.129875 -0.625789 0.033744 1.840409 612 361 660 444
0.313125 -0.387827 0.138805 -0.625222 0.033744 1.844609 607 359 655 444
0.305134 -0.290268 0.126183 -0.605689 0.035277 1.860218 601 360 647 440
0.217505 -0.304225 0.124580 -0.585988 0.046391 1.891628 599 360 643 441
0.519516 -0.421567 0.115348 -0.585988 0.047182 1.899717 597 359 641 441
0.490325 -0.411709 0.123587 -0.585988 0.054618 1.899717 599 358 642 439
0.416533 -0.436971 0.136614 -0.585988 0.055656 1.899717 601 357 644 437
0.646417 -0.522498 0.126334 -0.592200 0.075189 1.899717 600 358 644 434
0.665888 -0.549178 0.129466 -0.592200 0.078809 1.883679 599 358 643 434
0.640327 -0.597025 0.157605 -0.592200 0.079690 1.883679 598 360 641 434
0.762097 -0.614196 0.128897 -0.592200 0.079690 1.879773 597 359 642 437
0.846947 -0.653979 0.133222 -0.572931 0.079690 1.879773 596 360 641 437
0.931552 -0.692720 0.135082 -0.572341 0.075189 1.879773 596 360 641 438
0.832361 -0.673577 0.139941 -0.571640 0.073525 1.880530 596 361 641 437
0.937184 -0.692397 0.131122 -0.569579 0.073525 1.880530 596 361 640 438
1.024276 -0.716482 0.131040 -0.569506 0.073525 1.878751 596 362 640 438
0.883575 -0.687673 0.151864 -0.564992 0.071163 1.877751 595 362 640 437
0.992831 -0.688251 0.126301 -0.564965 0.071163 1.875148 595 362 640 438
1.046507 -0.699140 0.130792 -0.564747 0.071163 1.873041 595 362 640 438
0.926397 -0.662735 0.149625 -0.563535 0.071163 1.873041 595 362 639 439
1.010589 -0.667309 0.132995 -0.563535 0.071163 1.873041 595 362 640 439
1.021157 -0.657433 0.122272 -0.561733 0.069480 1.875148 596 363 640 439
0.946476 -0.646297 0.135858 -0.564747 0.067017 1.874666 596 363 641 440
1.000804 -0.629723 0.114923 -0.561335 0.065530 1.875308 596 363 641 440
0.987351 -0.598495 0.115353 -0.561335 0.065530 1.875308 596 363 641 440
0.973408 -0.601725 0.125958 -0.561335 0.065530 1.875308 596 363 641 440
1.007127 -0.584046 0.104900 -0.562766 0.064691 1.875308 596 363 641 440
0.948628 -0.551709 0.113588 -0.563116 0.064691 1.876101 596 363 641 439
0.977575 -0.566999 0.122551 -0.564431 0.064309 1.875914 596 362 641 440
1.005079 -0.537888 0.098538 -0.564431 0.064309 1.876101 596 362 641 440
0.939669 -0.511132 0.104114 -0.564551 0.064309 1.876697 596 363 641 440
0.980535 -0.521459 0.112413 -0.564551 0.062781 1.877335 596 363 641 440
0.999845 -0.509685 0.092733 -0.564551 0.055133 1.878110 596 363 641 439
0.950812 -0.484483 0.097604 -0.567240 0.055133 1.878110 596 362 641 439
0.988847 -0.496308 0.106693 -0.567240 0.055133 1.878110 597 363 641 440
1.007748 -0.483527 0.094148 -0.567240 0.055133 1.878835 597 363 641 440
0.964829 -0.460859 0.099137 -0.567240 0.055898 1.878835 596 363 641 440
0.998561 -0.463897 0.104713 -0.565017 0.056069 1.880148 597 363 641 439
1.014509 -0.460332 0.094023 -0.565017 0.056666 1.881188 596 362 641 439
0.971695 -0.440628 0.093265 -0.564750 0.056842 1.881496 596 363 641 439
0.996856 -0.434309 0.097694 -0.564750 0.056842 1.882414 596 363 641 440
1.012822 -0.420493 0.098938 -0.564750 0.056842 1.882414 596 362 641 439
0.983816 -0.411688 0.095514 -0.564750 0.058307 1.882414 596 363 641 440
0.975482 -0.399815 0.101271 -0.564962 0.056842 1.882414 597 362 642 440
1.018045 -0.388824 0.110888 -0.566057 0.056842 1.881549 597 363 642 440
1.004940 -0.397742 0.101845 -0.567618 0.056278 1.882414 597 362 642 440
0.984977 -0.396689 0.102765 -0.567618 0.055917 1.882414 597 363 642 440
1.058365 -0.374745 0.113228 -0.567618 0.055857 1.882713 597 363 642 440
1.027782 -0.395826 0.103124 -0.570713 0.055857 1.882713 596 363 641 440
1.015909 -0.404798 0.106433 -0.568371 0.055857 1.883450 597 363 642 440
1.082125 -0.377715 0.123442 -0.568371 0.055917 1.883450 597 363 642 440
1.061452 -0.420623 0.110698 -0.567618 0.055965 1.883450 597 363 642 440
1.055799 -0.408354 0.107495 -0.565581 0.055926 1.884147 597 363 642 440
1.055715 -0.353759 0.134273 -0.565581 0.055926 1.883450 597 363 641 440
1.049485 -0.414073 0.121460 -0.565581 0.055926 1.883432 597 364 641 440
1.018368 -0.371705 0.114246 -0.565138 0.055926 1.883384 596 363 641 441
1.044354 -0.353875 0.129981 -0.564934 0.054778 1.882687 596 363 641 441
1.038186 -0.403515 0.115669 -0.564664 0.054778 1.882687 597 364 641 441
1.004947 -0.353192 0.118813 -0.564358 0.053869 1.882079 596 364 641 441
1.005758 -0.364566 0.131724 -0.564052 0.052959 1.881471 596 364 641 441
1.002549 -0.401052 0.123468 -0.563746 0.052050 1.880863 596 364 641 441
0.989628 -0.331360 0.114746 -0.563440 0.051140 1.880255 597 364 641 442
0.975094 -0.381172 0.126897 -0.563134 0.050231 1.879647 597 364 641 442
0.994545 -0.401410 0.114932 -0.562828 0.049321 1.879039 597 364 641 442
0.978880 -0.320192 0.109952 -0.562522 0.048412 1.878431 597 364 641 442
0.941026 -0.375960 0.109546 -0.562216 0.047502 1.877823 596 364 640 442
0.982410 -0.402400 0.096662 -0.562216 0.047502 1.877823 596 364 640 442
0.956167 -0.311419 0.107783 -0.561106 0.048685 1.878540 596 364 640 442
0.913416 -0.399030 0.105737 -0.560812 0.050268 1.878540 596 364 640 442
0.970581 -0.413447 0.092095 -0.560812 0.050508 1.881242 596 364 640 442
0.951039 -0.300406 0.101079 -0.560812 0.051526 1.881242 597 364 641 442
0.809794 -0.356500 0.096893 -0.563120 0.052043 1.881242 597 364 641 441
0.930607 -0.372631 0.088667 -0.564101 0.060717 1.882632 598 364 641 440
0.915745 -0.275328 0.099154 -0.572983 0.060717 1.883325 598 364 641 440
0.723158 -0.324241 0.101397 -0.573032 0.060717 1.886827 598 362 641 442
0.912755 -0.375042 0.086497 -0.573975 0.052043 1.887730 598 362 640 440
0.909703 -0.291967 0.087570 -0.574679 0.046826 1.897578 598 362 640 443
0.725317 -0.334677 0.107640 -0.574679 0.046814 1.897578 598 362 641 442
0.873708 -0.374418 0.102822 -0.584833 0.046814 1.897578 599 362 642 442
0.892128 -0.317200 0.090652 -0.584833 0.045476 1.897578 599 362 642 442
0.776825 -0.358652 0.112056 -0.584833 0.045476 1.888475 598 360 642 441
0.883664 -0.396686 0.103792 -0.584833 0.045476 1.883716 598 360 643 441
0.887307 -0.343718 0.086896 -0.584415 0.045401 1.881468 598 361 643 442
0.806045 -0.389277 0.102621 -0.583027 0.045281 1.881468 598 362 643 443
0.886194 -0.422076 0.095501 -0.582929 0.043894 1.880861 598 361 642 444
0.890272 -0.370734 0.079388 -0.578154 0.041989 1.878366 598 362 641 443
0.850320 -0.432936 0.093779 -0.575508 0.040760 1.878366 598 362 641 443
