-0.289986 0.124984 0.123151 -0.637735 0.022714 1.792660 620 368 667 453
-0.580599 0.171786 0.103898 -0.640170 0.027032 1.793826 620 368 667 453
-0.830860 0.095398 0.116620 -0.640242 0.027059 1.794511 620 368 667 453
-0.562754 0.089179 0.177599 -0.640242 0.027060 1.797017 620 368 667 453
-0.809181 0.059562 0.145081 -0.640242 0.027060 1.797302 620 368 667 453
0.356930 -0.648382 0.269718 -0.642385 0.027032 1.797302 620 368 666 455
-0.807898 -0.055716 0.245340 -0.643876 0.022714 1.797345 618 364 669 460
0.317407 -0.800732 0.287503 -0.653047 -0.008760 1.804846 617 364 669 463
0.623131 -0.782322 0.226590 -0.655028 -0.041795 1.836793 616 366 667 461
0.160274 -0.841344 0.426921 -0.655028 -0.041820 1.836899 616 366 667 461
0.324171 -0.863199 0.319514 -0.655028 -0.049201 1.859378 616 366 667 460
0.753448 -0.874880 0.243160 -0.655028 -0.049201 1.863427 616 366 667 460
-0.008080 -0.770727 0.465289 -0.654697 -0.049201 1.863427 617 366 668 460
0.374247 -0.846431 0.338768 -0.654697 -0.049201 1.863427 617 365 668 460
0.776500 -0.740294 0.194278 -0.654697 -0.049201 1.863427 617 364 669 460
-0.279413 -0.767901 0.406103 -0.654697 -0.049201 1.863427 617 364 668 461
0.072740 -0.804990 0.324724 -0.654697 -0.049201 1.863427 617 364 669 460
0.481995 -0.578735 0.197986 -0.654697 -0.049201 1.863427 617 364 669 460
-0.264661 -0.209718 0.200146 -0.654697 -0.040431 1.846168 617 364 669 461
-0.638155 -0.022705 0.191416 -0.654697 -0.035009 1.831545 618 363 670 460
-0.864953 -0.315057 0.203569 -0.650968 -0.009191 1.816377 619 364 668 457
-0.027942 -0.106472 0.157126 -0.649983 0.007506 1.809403 623 362 671 450
-0.313080 0.034908 0.191437 -0.645535 0.028856 1.804346 623 362 672 449
0.056624 -0.206183 0.152251 -0.645521 0.034607 1.801924 623 363 672 448
0.181514 -0.078073 0.131043 -0.645521 0.042118 1.801256 624 363 672 448
-0.092789 0.064338 0.182671 -0.645521 0.042410 1.800789 624 364 673 446
-0.363374 -0.172146 0.155498 -0.645535 0.042410 1.800789 624 364 673 446
0.167870 -0.047051 0.107783 -0.650665 0.042505 1.799910 625 364 674 446
0.032999 0.021977 0.137624 -0.650735 0.043382 1.797590 625 362 674 446
-0.190133 -0.108150 0.141350 -0.653098 0.044069 1.797590 624 361 674 444
0.056279 -0.018949 0.101701 -0.658900 0.047673 1.797590 624 359 674 443
-0.034699 0.019280 0.120132 -0.658934 0.051036 1.799396 624 359 673 444
-0.147627 0.016340 0.123849 -0.668574 0.051074 1.802420 624 359 673 442
0.051016 -0.026482 0.100005 -0.669590 0.052253 1.818349 623 358 672 441
0.030694 -0.016221 0.117323 -0.670769 0.060924 1.825119 620 358 668 439
0.037695 -0.036616 0.092150 -0.670769 0.070490 1.832172 618 357 666 438
0.038527 0.090959 0.091787 -0.670769 0.070805 1.849012 616 358 663 440
-0.053516 0.047631 0.086677 -0.670769 0.073991 1.865340 614 356 661 437
0.144475 -0.003970 0.109062 -0.670746 0.076949 1.888623 614 354 661 436
0.129405 0.120451 0.103161 -0.670746 0.077899 1.890046 615 354 662 435
0.049341 0.101898 0.107422 -0.670746 0.077899 1.897358 616 354 664 435
0.220540 0.023290 0.121614 -0.670746 0.077899 1.897358 617 354 664 435
0.160383 0.116101 0.108993 -0.679116 0.076949 1.897358 619 354 666 436
-0.069758 0.054048 0.100857 -0.692199 0.073890 1.896791 621 356 667 435
0.184588 0.020472 0.115913 -0.695176 0.067850 1.896791 627 355 675 436
0.147669 0.079819 0.103843 -0.697823 0.065427 1.886236 631 355 679 436
-0.051340 0.079450 0.101620 -0.697823 0.065427 1.874916 633 355 681 436
0.190406 0.028851 0.128847 -0.697823 0.065427 1.870257 633 356 681 437
-0.019616 -0.017825 0.121610 -0.695176 0.065427 1.841677 632 356 680 437
-0.155750 0.022503 0.107953 -0.690419 0.065851 1.837121 630 358 679 438
0.157584 0.019572 0.123280 -0.678410 0.065851 1.825755 626 358 676 441
0.101472 0.205066 0.147133 -0.667121 0.065427 1.816046 624 359 674 442
0.143636 0.131536 0.141384 -0.661097 0.064335 1.816046 623 360 673 441
-0.068753 0.146133 0.158472 -0.655296 0.064335 1.816046 619 362 669 440
0.107887 0.172987 0.130724 -0.654158 0.064335 1.816046 619 362 668 440
0.085435 0.121450 0.131940 -0.648833 0.065851 1.818842 618 362 668 441
0.150253 0.029806 0.117743 -0.639213 0.064335 1.820193 618 363 667 440
0.148970 0.094308 0.121289 -0.633958 0.064335 1.820193 618 364 666 440
0.208546 0.081102 0.126292 -0.629734 0.064335 1.823099 618 364 666 440
-0.178748 0.039009 0.128065 -0.628498 0.064039 1.823099 617 365 666 441
0.295245 0.058749 0.129458 -0.628127 0.063488 1.820193 617 366 666 442
0.342984 0.049209 0.119178 -0.626675 0.061500 1.819828 617 366 666 442
-0.087980 -0.006677 0.114747 -0.626675 0.054001 1.815224 617 366 665 442
0.351248 -0.173880 0.112213 -0.625757 0.053939 1.815224 617 367 665 441
0.273914 -0.132600 0.118274 -0.625163 0.053249 1.815224 617 366 665 442
0.386636 0.031352 0.082571 -0.625757 0.053249 1.812909 617 366 665 442
0.413734 -0.113145 0.099064 -0.625757 0.052824 1.812714 617 366 665 442
0.599740 0.018691 0.117737 -0.625757 0.053249 1.812714 617 366 666 442
0.064171 0.042705 0.098617 -0.625163 0.053249 1.812909 617 366 666 442
0.426650 0.037907 0.106496 -0.627450 0.053449 1.812909 617 366 666 442
0.614639 -0.018862 0.113294 -0.627828 0.053449 1.812714 617 366 666 443
0.037951 0.036349 0.094925 -0.627828 0.053449 1.812714 617 367 665 442
0.394233 0.039904 0.100093 -0.627828 0.052824 1.812176 617 366 666 444
0.452480 -0.017211 0.113631 -0.627405 0.046277 1.812176 617 367 665 443
0.020757 0.027781 0.091657 -0.623526 0.043837 1.814497 617 367 665 443
0.393208 0.042628 0.100251 -0.621793 0.039472 1.814497 616 367 665 444
0.511296 -0.024954 0.099956 -0.620280 0.029508 1.815577 616 367 664 445
0.136091 0.044658 0.091359 -0.614223 0.024810 1.815577 616 369 664 451
0.108136 0.011688 0.080518 -0.613459 0.022148 1.816121 615 368 664 452
-0.136174 0.070288 0.084363 -0.612159 0.017788 1.818216 615 368 664 453
0.040930 0.089210 0.083960 -0.612037 0.016648 1.820149 615 368 664 453
0.053800 0.007337 0.085653 -0.611805 0.016648 1.820429 615 368 664 454
-0.249560 0.047060 0.085978 -0.611805 0.016648 1.818216 615 368 664 454
-0.040662 0.067006 0.088631 -0.611805 0.016648 1.818216 615 368 664 454
-0.011616 0.011528 0.085123 -0.608655 0.016648 1.818216 614 368 664 454
-0.232955 0.037101 0.095598 -0.608655 0.017029 1.818216 614 368 664 454
0.120461 -0.003524 0.105075 -0.608591 0.017065 1.819272 614 368 664 454
0.008503 0.074135 0.101385 -0.608655 0.018197 1.818110 614 369 663 454
0.088824 -0.001182 0.098507 -0.610318 0.018212 1.817033 614 368 664 454
0.057624 -0.015890 0.114597 -0.608655 0.018242 1.818110 614 368 663 454
-0.015793 0.054802 0.101136 -0.608655 0.018324 1.818110 614 369 663 454
0.065639 0.020691 0.096595 -0.610318 0.018324 1.817033 614 369 663 454
-0.018923 0.083503 0.102011 -0.610384 0.018299 1.817033 614 368 663 454
-0.018697 0.006669 0.098512 -0.610384 0.018242 1.817033 614 369 663 454
-0.116105 0.061438 0.101289 -0.608642 0.018299 1.820854 614 368 663 454
0.053240 -0.029987 0.118900 -0.608642 0.018324 1.820854 614 368 663 454
0.038146 0.032954 0.106415 -0.608642 0.018324 1.820854 614 369 664 454
0.103561 0.023650 0.094861 -0.608083 0.018537 1.820854 614 369 663 453
0.088758 -0.015196 0.116069 -0.608083 0.018537 1.820854 614 368 664 454
0.127087 0.024037 0.105100 -0.608083 0.018537 1.820854 614 368 664 454
-0.021788 0.059833 0.109191 -0.608083 0.018808 1.820854 614 368 664 454
0.015092 0.070949 0.104403 -0.607784 0.018537 1.821849 614 368 664 454
0.145839 0.039648 0.103286 -0.607784 0.018273 1.823222 615 368 664 454
-0.047657 0.045389 0.104411 -0.608456 0.017978 1.821849 615 368 664 454
0.114828 -0.017445 0.118064 -0.608456 0.017839 1.821261 614 368 664 453
0.053021 0.051768 0.095684 -0.608202 0.017839 1.821261 614 368 664 454
-0.031305 0.019401 0.098911 -0.608202 0.017978 1.821849 614 368 664 454
0.072326 0.035566 0.097175 -0.608456 0.017978 1.821413 614 368 664 454
0.204630 0.052601 0.098057 -0.608456 0.017978 1.821413 614 368 664 454
-0.049958 0.006477 0.090321 -0.608202 0.018023 1.821413 614 368 663 454
0.054601 0.025293 0.093011 -0.607787 0.018349 1.821949 614 368 663 454
-0.012055 0.106595 0.092474 -0.607787 0.018649 1.822082 614 369 663 454
0.098626 0.065468 0.090168 -0.607787 0.020678 1.822082 614 368 663 454
-0.133196 0.017782 0.088712 -0.607787 0.020678 1.821949 614 368 663 454
-0.097623 0.105553 0.091220 -0.607787 0.020678 1.821949 614 368 663 454
0.121634 0.080643 0.098446 -0.607787 0.018649 1.822082 614 369 663 454
-0.137771 0.038432 0.088201 -0.608041 0.018649 1.821703 614 369 663 454
-0.098919 0.107004 0.083241 -0.608041 0.018265 1.820785 614 369 663 454
0.139657 0.038519 0.103927 -0.608041 0.018069 1.820715 614 368 663 454
-0.160689 0.031212 0.088356 -0.608041 0.018069 1.820715 614 368 663 454
-0.166896 0.069993 0.086167 -0.608041 0.018069 1.820715 614 368 663 454
0.037436 0.048901 0.083502 -0.608041 0.017635 1.820715 614 369 663 454
-0.211918 0.034626 0.084969 -0.608041 0.017635 1.820715 614 368 663 454
-0.169089 0.056976 0.086943 -0.607883 0.017635 1.819930 614 368 663 454
-0.044686 0.054631 0.094217 -0.607883 0.017815 1.819930 614 368 663 454
-0.173087 0.036954 0.082972 -0.607883 0.022004 1.822444 614 368 663 454
-0.047381 0.067018 0.090284 -0.607349 0.022004 1.821172 614 368 663 454
-0.029990 0.031348 0.097752 -0.607003 0.022004 1.822444 614 368 663 454
-0.143082 0.030180 0.083141 -0.607003 0.022269 1.822444 614 368 663 454
-0.136633 0.045973 0.089772 -0.607003 0.022269 1.821438 614 368 663 454
-0.087183 0.070594 0.092817 -0.607003 0.022536 1.822712 614 369 663 453
-0.174610 0.019972 0.084599 -0.607349 0.022780 1.822712 614 369 663 454
-0.132866 0.042688 0.102099 -0.607349 0.022780 1.821438 614 368 663 454
-0.107182 0.043204 0.109924 -0.607003 0.022586 1.822247 614 368 663 454
-0.013552 0.014415 0.097076 -0.606893 0.023603 1.822247 614 368 663 455
0.074291 -0.101626 0.158450 -0.606893 0.023212 1.823585 614 368 663 454
0.020065 -0.092290 0.146662 -0.607370 0.023212 1.823585 614 368 663 454
-0.002523 -0.178099 0.157663 -0.607517 0.022887 1.823426 614 368 663 454
-0.016421 0.036135 0.088842 -0.607581 0.022887 1.823426 614 369 663 454
0.219286 -0.303093 0.192514 -0.607581 0.022887 1.823426 614 368 663 454
0.213545 -0.405902 0.241287 -0.607691 0.022887 1.823585 614 368 663 454
0.474169 -0.547156 0.195596 -0.607780 0.018847 1.823585 614 368 664 454
0.534882 -0.587888 0.211774 -0.608681 0.017380 1.824644 614 370 663 456
0.609002 -0.683355 0.246949 -0.611320 0.016067 1.827243 612 368 661 458
0.664288 -0.714848 0.209900 -0.611815 -0.007874 1.833804 611 367 661 460
0.703659 -0.713864 0.175253 -0.612663 -0.029335 1.849077 609 370 658 460
0.639637 -0.764481 0.209676 -0.613475 -0.031935 1.854807 609 370 658 462
0.685469 -0.670255 0.211703 -0.616136 -0.031935 1.854807 609 370 658 462
0.803482 -0.670031 0.151314 -0.617502 -0.032177 1.855588 609 370 658 461
0.743684 -0.732942 0.194047 -0.618041 -0.033556 1.855588 609 370 658 462
0.244087 -0.076676 0.111311 -0.618041 -0.033556 1.854807 609 370 658 461
0.745591 -0.563689 0.147358 -0.617502 -0.032177 1.854807 609 369 659 461
0.673921 -0.543774 0.160019 -0.618041 -0.031688 1.853943 610 368 659 461
0.411641 -0.330489 0.175854 -0.622981 -0.028328 1.853540 610 368 660 456
0.574348 -0.332780 0.131522 -0.624919 -0.008330 1.846571 615 368 663 453
0.486126 -0.294660 0.136824 -0.626320 0.015569 1.820306 616 368 664 452
0.410932 -0.158174 0.148457 -0.627861 0.017572 1.817162 617 369 666 450
0.503761 -0.168813 0.117460 -0.628143 0.029252 1.815307 617 369 666 450
0.418895 -0.148680 0.116602 -0.628975 0.029252 1.813591 618 369 667 451
0.388761 -0.062054 0.118720 -0.629348 0.029252 1.812504 618 369 667 451
0.453496 -0.058309 0.110385 -0.633765 0.029385 1.805480 618 369 667 451
0.438100 -0.021308 0.103525 -0.634293 0.029252 1.805480 618 370 667 451
0.462379 -0.027814 0.105848 -0.634293 0.029252 1.805480 617 369 667 451
0.419475 0.023722 0.100165 -0.634293 0.029252 1.805480 617 370 666 451
0.466151 0.058124 0.090486 -0.633765 0.029385 1.807880 617 369 666 451
0.487349 0.032197 0.099622 -0.633134 0.029385 1.807880 617 369 666 451
0.450478 0.057256 0.096187 -0.633134 0.029385 1.807880 618 369 667 451
0.545345 0.062076 0.084499 -0.633134 0.029102 1.807880 618 370 667 450
0.413277 0.060753 0.088732 -0.633134 0.029102 1.807832 618 369 667 451
0.424895 0.094488 0.093042 -0.633153 0.029102 1.807832 618 369 667 451
0.487315 0.111624 0.079493 -0.633155 0.029102 1.807832 618 369 667 451
0.397382 0.118564 0.091211 -0.633155 0.029102 1.807832 618 369 667 450
0.367652 0.143897 0.097535 -0.633155 0.029774 1.808977 618 369 666 450
0.447167 0.157854 0.086896 -0.633153 0.030381 1.811540 618 369 667 450
0.382622 0.174560 0.102049 -0.632174 0.030606 1.812495 618 370 666 450
0.365505 0.144388 0.111107 -0.630025 0.030964 1.813238 618 369 666 450
0.463786 0.157806 0.108694 -0.629512 0.030964 1.814512 618 369 667 450
0.469555 0.157220 0.109932 -0.629512 0.030964 1.814512 618 369 667 450
0.505614 0.101002 0.117948 -0.630025 0.031356 1.814512 618 370 667 450
0.558759 0.108047 0.121344 -0.630025 0.031868 1.814512 618 367 667 445
0.617196 0.166726 0.108129 -0.629140 0.035377 1.816099 618 367 667 444
0.621280 0.060496 0.129001 -0.629707 0.035377 1.816623 618 368 666 444
0.702357 0.073822 0.118093 -0.629707 0.036131 1.817585 618 367 666 445
0.717216 0.142825 0.107385 -0.634759 0.038503 1.817585 618 367 666 445
0.678365 0.023588 0.117118 -0.629983 0.038665 1.817656 618 367 666 444
0.820942 0.027125 0.125976 -0.629707 0.042002 1.818036 618 366 666 444
0.784161 0.115460 0.110690 -0.629707 0.042036 1.823422 617 364 665 444
0.823542 0.026961 0.118265 -0.629707 0.050084 1.840462 616 363 665 444
0.940580 0.035318 0.135925 -0.621945 0.050084 1.864447 616 364 665 442
0.896563 0.109388 0.121927 -0.621914 0.050084 1.864500 614 364 663 443
0.979828 0.014915 0.147450 -0.615985 0.050084 1.864500 610 366 665 443
1.162494 0.012641 0.153148 -0.607655 0.045779 1.864500 610 367 664 442
1.044512 0.090658 0.153001 -0.607655 0.045455 1.864500 613 364 662 444
1.150967 0.037541 0.174048 -0.607655 0.044477 1.859031 613 367 668 444
1.510950 0.034245 0.172371 -0.606115 0.038591 1.850168 616 366 680 454
1.196477 0.098974 0.225145 -0.606115 0.032378 1.835612 617 369 682 456
1.386261 0.089505 0.222282 -0.608567 0.010898 1.833168 619 375 684 458
2.021809 0.097802 0.176416 -0.610616 0.009373 1.826675 622 380 687 461
1.443521 0.151454 0.324270 -0.614810 0.008910 1.826193 626 383 689 464
1.612624 0.156516 0.366934 -0.619004 0.008448 1.825711 636 386 697 469
2.337063 0.118349 0.188912 -0.623198 0.007986 1.825229 640 387 699 468
1.593917 0.181394 0.924012 -0.639974 0.006136 1.823301 646 381 705 473
2.148136 0.181739 0.415729 -0.656750 0.004287 1.821374 648 372 698 462
2.309402 0.138913 0.202043 -0.660944 0.003824 1.820892 647 371 698 463
2.040681 0.162454 0.416587 -0.665138 0.003362 1.820410 647 371 698 465
2.436477 0.197617 0.185530 -0.669331 0.002900 1.819928 649 371 699 464
2.316214 0.080161 0.143756 -0.673525 0.002437 1.819446 650 370 701 463
2.155956 0.105866 0.249044 -0.677719 0.001975 1.818964 651 372 700 461
2.388053 0.155262 0.154930 -0.681913 0.001513 1.818482 651 372 700 459
1.844274 -0.094827 0.232282 -0.686107 0.001050 1.818000 651 372 701 460
1.972176 -0.144095 0.176311 -0.690301 0.000588 1.817518 652 373 701 459
2.038933 -0.009206 0.184589 -0.694495 0.000126 1.817036 652 372 702 460
1.246420 -0.333870 0.265133 -0.698689 -0.000337 1.816555 652 372 703 460
1.683385 -0.368387 0.171083 -0.702883 -0.000799 1.816073 649 372 707 456
1.690723 -0.202210 0.175680 -0.707077 -0.001261 1.815591 645 371 705 451
0.943100 -0.496321 0.265234 -0.711271 -0.001724 1.815109 644 370 706 454
1.516782 -0.530971 0.142426 -0.715465 -0.002186 1.814627 645 367 708 458
0.860238 -0.373827 0.269756 -0.719659 -0.002649 1.814145 647 368 709 452
0.283317 -0.605223 0.299472 -0.723852 -0.003111 1.813663 653 368 703 453
1.178703 -0.580473 0.167253 -0.728046 -0.003573 1.813181 651 368 701 454
0.290708 -0.386142 0.247702 -0.732240 -0.004036 1.812699 649 360 700 450
-0.138526 -0.604399 0.216006 -0.736434 -0.004498 1.812217 644 363 698 458
0.613378 -0.599781 0.211251 -0.728303 -0.004498 1.842948 641 357 694 452
0.032648 -0.401833 0.211225 -0.716999 -0.004498 1.848942 637 357 687 451
-0.152238 -0.531689 0.218547 -0.713406 0.009594 1.865120 634 357 684 450
0.327483 -0.518217 0.210366 -0.710238 0.009594 1.876756 630 356 680 450
-0.751376 -0.577115 0.128752 -0.684897 0.009706 1.876756 624 355 675 449
-0.705438 -0.638952 0.137764 -0.660500 0.010865 1.876756 622 356 672 448
-0.670830 -0.522342 0.127917 -0.658275 0.012997 1.865318 617 359 667 445
-0.653220 -0.487377 0.110627 -0.642790 0.025002 1.865120 616 358 665 442
-0.556168 -0.554151 0.112409 -0.636961 0.038691 1.864595 616 358 665 440
-0.569510 -0.497127 0.112734 -0.636961 0.047579 1.855036 617 359 666 440
0.448345 -0.327684 0.171790 -0.636961 0.053050 1.846652 619 356 669 438
0.267251 -0.355066 0.201569 -0.636961 0.053050 1.826615 623 356 674 439
0.522310 -0.285296 0.157778 -0.640798 0.053050 1.824242 625 355 676 439
0.531259 -0.304523 0.160556 -0.642808 0.049099 1.824128 627 356 678 442
0.488691 -0.341930 0.191570 -0.644870 0.049099 1.807687 628 357 680 444
0.623203 -0.261170 0.153277 -0.644870 0.047344 1.796196 626 358 682 444
0.762087 -0.244298 0.131070 -0.642808 0.045395 1.793292 626 360 683 446
0.764334 -0.306098 0.151585 -0.642593 0.045053 1.789392 624 360 682 446
0.823062 -0.269782 0.120764 -0.642593 0.043937 1.789392 623 360 681 446
0.878029 -0.269466 0.111262 -0.641541 0.042387 1.789392 623 360 681 446
0.893310 -0.227308 0.110544 -0.636987 0.042387 1.789392 623 360 681 446
0.908281 -0.204914 0.092497 -0.636986 0.042386 1.789395 622 360 680 446
0.909941 -0.233275 0.103786 -0.636427 0.040017 1.789744 623 360 680 445
0.890905 -0.254079 0.110857 -0.636427 0.039960 1.792686 622 360 680 446
0.870663 -0.231014 0.099279 -0.635706 0.038559 1.793941 622 360 680 446
0.911264 -0.248713 0.099202 -0.635706 0.038559 1.793941 622 360 680 446
0.924031 -0.281513 0.105442 -0.636427 0.038559 1.792686 622 360 681 447
0.851098 -0.270174 0.105467 -0.636430 0.038559 1.792686 623 360 681 447
0.914464 -0.275181 0.098154 -0.642200 0.039010 1.785357 624 360 681 446
0.939312 -0.308032 0.104334 -0.642420 0.039024 1.783973 625 361 682 447
0.854300 -0.319348 0.107931 -0.642420 0.039506 1.783803 624 361 682 447
0.909476 -0.306120 0.100948 -0.642822 0.039506 1.783257 625 361 682 447
0.948014 -0.338926 0.102176 -0.642822 0.039506 1.783803 629 359 679 448
0.863182 -0.343929 0.115775 -0.642420 0.039638 1.783803 629 359 679 448
0.935829 -0.329922 0.094304 -0.642193 0.039638 1.783803 625 362 682 447
0.938876 -0.365223 0.096211 -0.642061 0.039638 1.784397 625 362 682 447
0.876244 -0.362973 0.112758 -0.641963 0.039174 1.784656 624 362 682 447
0.948710 -0.368646 0.091021 -0.641960 0.038528 1.785213 625 362 682 447
0.930168 -0.386894 0.097878 -0.641956 0.038528 1.785213 625 362 682 446
0.875939 -0.379846 0.110894 -0.641956 0.038528 1.785213 625 362 682 447
0.942582 -0.396534 0.094398 -0.641166 0.038528 1.784656 629 360 679 448
0.919620 -0.393087 0.096128 -0.640059 0.038528 1.785641 624 362 681 447
0.883061 -0.373064 0.110540 -0.639974 0.038524 1.785168 624 362 682 447
0.936972 -0.415838 0.095025 -0.639689 0.038512 1.785168 623 362 681 448
0.916006 -0.390410 0.097336 -0.639689 0.038612 1.783895 623 362 680 447
0.897115 -0.360674 0.107814 -0.639974 0.038612 1.783895 624 362 681 447
0.937033 -0.412120 0.096200 -0.639974 0.038610 1.782983 624 362 681 448
0.918636 -0.386238 0.102170 -0.640328 0.038609 1.782983 623 362 681 448
0.916175 -0.358438 0.106306 -0.640328 0.038609 1.782983 624 362 681 448
0.924556 -0.408329 0.100512 -0.640328 0.038609 1.782983 624 362 681 448
0.929353 -0.390381 0.104084 -0.640329 0.038609 1.782983 624 362 681 448
0.942570 -0.373038 0.103258 -0.640329 0.032963 1.783521 624 362 681 448
0.921802 -0.401728 0.099212 -0.640328 0.032454 1.783782 624 362 682 448
0.941491 -0.396586 0.108903 -0.640210 0.032454 1.783815 624 362 682 448
0.958921 -0.389162 0.104855 -0.640176 0.032449 1.783818 624 362 681 448
0.914987 -0.417160 0.105239 -0.640176 0.032449 1.783918 624 362 681 448
0.965448 -0.412701 0.114566 -0.640210 0.032449 1.783918 624 362 682 448
0.930515 -0.433309 0.115876 -0.640210 0.032416 1.784177 624 362 681 448
0.775826 -0.519079 0.137708 -0.640210 0.032416 1.785096 624 362 681 448
0.967335 -0.510163 0.134769 -0.640481 0.032189 1.785159 625 362 682 448
0.886826 -0.489841 0.132984 -0.641279 0.032057 1.785741 625 362 683 448
0.575070 -0.643635 0.172059 -0.641637 0.032057 1.785741 625 362 683 448
0.906382 -0.635491 0.187074 -0.642803 0.032057 1.788210 629 360 680 450
0.676884 -0.579921 0.197395 -0.643059 0.032038 1.788210 629 359 680 450
0.353450 -0.762377 0.227519 -0.643474 0.030889 1.788569 629 359 680 450
0.871931 -0.751744 0.242119 -0.643553 0.030650 1.788960 628 364 681 457
0.344399 -0.677570 0.269986 -0.648461 0.017406 1.788960 627 365 678 456
0.114574 -0.848713 0.298677 -0.668146 -0.045336 1.806709 626 364 677 461
0.992573 -0.761723 0.257560 -0.674635 -0.063308 1.810387 624 368 675 459
0.366752 -0.672755 0.309929 -0.674777 -0.064686 1.812620 622 370 675 464
-0.111893 -0.825325 0.295808 -0.674777 -0.064686 1.812667 622 371 675 466
0.756393 -0.729622 0.294384 -0.674777 -0.064686 1.838478 621 372 675 468
0.280244 -0.604578 0.335022 -0.674635 -0.063308 1.838478 617 371 670 468
0.097629 -0.669976 0.314414 -0.657885 -0.063006 1.830614 618 370 669 467
0.657316 -0.618620 0.236933 -0.656602 -0.056978 1.830614 618 370 670 467
0.075493 -0.557463 0.263018 -0.656228 -0.051166 1.830614 622 369 675 465
0.310063 -0.544215 0.275842 -0.655547 -0.050791 1.830614 623 364 677 462
0.642703 -0.512266 0.182105 -0.653685 -0.021658 1.793192 627 364 680 458
0.130502 -0.508152 0.227329 -0.653685 0.021994 1.787741 630 360 681 450
0.585453 -0.432358 0.199325 -0.653685 0.030816 1.787741 631 360 682 448
0.510034 -0.455962 0.185924 -0.653685 0.037438 1.787741 630 363 686 446
0.113755 -0.490069 0.204571 -0.656605 0.038429 1.787741 633 360 684 447
0.673724 -0.386999 0.167652 -0.659054 0.045846 1.790724 631 361 688 444
0.386469 -0.433682 0.174266 -0.659332 0.045846 1.799080 634 358 685 445
0.345724 -0.494709 0.195960 -0.662288 0.045846 1.807912 633 358 685 445
0.573807 -0.383589 0.154734 -0.662809 0.044479 1.809265 632 358 685 446
0.328628 -0.446654 0.202210 -0.664067 0.043736 1.809265 633 358 684 444
0.586839 -0.473568 0.195169 -0.664067 0.043736 1.812223 633 359 684 444
0.611765 -0.386938 0.162377 -0.664067 0.042169 1.812223 633 359 684 446
0.306562 -0.454058 0.280394 -0.662288 0.041004 1.810866 632 359 683 446
0.553412 -0.471166 0.208376 -0.659414 0.040277 1.810866 631 358 682 446
0.701919 -0.379413 0.189356 -0.659414 0.040277 1.813659 630 359 680 446
0.499035 -0.476708 0.333818 -0.658948 0.033156 1.813754 628 359 679 446
0.258789 -0.489347 0.249955 -0.657592 0.025092 1.813754 626 359 676 447
0.618613 -0.440267 0.224204 -0.654551 0.024994 1.822724 626 360 676 448
0.531792 -0.507996 0.418978 -0.654209 0.024920 1.822762 626 360 677 449
0.246091 -0.492594 0.287239 -0.654138 0.018234 1.822762 621 362 680 448
0.512289 -0.484552 0.283146 -0.654110 0.016655 1.823369 621 361 680 450
0.414284 -0.535665 0.551727 -0.652752 0.016282 1.823369 621 361 681 450
0.033595 -0.518671 0.360770 -0.652752 0.013963 1.823369 623 361 681 450
0.440128 -0.559659 0.385352 -0.652752 0.012785 1.822736 625 362 683 450
0.662658 -0.591172 0.579733 -0.652752 0.012128 1.822736 629 364 681 458
-0.154397 -0.581373 0.397850 -0.652903 0.010777 1.822666 627 366 679 460
0.524266 -0.662968 0.415146 -0.662897 -0.033772 1.822736 627 371 679 466
0.921434 -0.575731 0.495338 -0.671401 -0.041421 1.822666 628 372 680 472
0.533592 -0.642199 0.413037 -0.674817 -0.050563 1.822736 628 372 680 472
1.107569 -0.637231 0.292868 -0.679137 -0.050563 1.822736 629 372 681 473
1.276529 -0.596314 0.260266 -0.679897 -0.050861 1.816633 629 373 681 472
0.932717 -0.628364 0.289051 -0.681093 -0.050861 1.816484 628 373 681 474
1.252510 -0.597751 0.234899 -0.682808 -0.056946 1.816484 627 373 680 474
1.245603 -0.560746 0.214304 -0.683057 -0.057252 1.813950 627 374 679 474
0.940948 -0.608519 0.259885 -0.683700 -0.057252 1.809938 624 374 678 472
1.187401 -0.578895 0.210633 -0.686469 -0.056946 1.809858 623 372 678 473
1.108414 -0.512053 0.217180 -0.686469 -0.056946 1.809253 624 371 679 473
1.084771 -0.531577 0.166440 -0.683700 -0.041864 1.788151 622 366 685 465
1.103504 -0.465993 0.190452 -0.683700 -0.017331 1.788151 629 364 684 463
1.044442 -0.470925 0.177835 -0.664739 -0.002421 1.788151 632 365 685 458
1.072073 -0.447461 0.158237 -0.663095 0.014149 1.788151 633 364 687 458
1.105965 -0.389166 0.174988 -0.661123 0.019478 1.789107 634 366 686 456
1.108833 -0.408948 0.166333 -0.660956 0.020384 1.800864 634 365 686 456
1.085409 -0.415804 0.165554 -0.660956 0.027443 1.802055 633 365 686 456
1.066916 -0.332437 0.174635 -0.660956 0.028359 1.803108 630 362 688 447
1.161528 -0.374070 0.170283 -0.658371 0.028566 1.810676 630 362 688 448
1.060202 -0.376982 0.157042 -0.658371 0.029241 1.814905 630 362 687 447
1.017060 -0.256113 0.198970 -0.658371 0.029474 1.815101 628 362 687 446
1.095469 -0.331983 0.174553 -0.658371 0.029738 1.818917 628 362 687 448
0.972611 -0.329464 0.179684 -0.660720 0.029738 1.819430 628 361 686 447
0.876231 -0.217790 0.193282 -0.660720 0.029738 1.819600 626 362 684 445
0.985403 -0.263914 0.203618 -0.660720 0.029474 1.829071 627 359 685 448
0.936291 -0.304534 0.200069 -0.660720 0.029474 1.850888 625 360 685 448
0.903729 -0.189079 0.194858 -0.660720 0.029474 1.850888 623 360 684 449
0.969690 -0.189710 0.205889 -0.663301 0.029894 1.850888 624 361 684 446
0.837272 -0.246052 0.235374 -0.663301 0.034707 1.850888 629 362 689 446
0.793495 -0.116793 0.254128 -0.663301 0.034707 1.844344 635 360 698 450
0.886165 -0.113828 0.211293 -0.671157 0.035042 1.829200 638 361 697 448
0.702469 -0.207958 0.280297 -0.676027 0.035042 1.821848 638 361 699 448
0.826775 -0.131571 0.242501 -0.677819 0.035042 1.821553 640 363 699 448
0.986572 -0.070101 0.202786 -0.681037 0.034057 1.820001 643 368 702 453
0.907721 -0.163726 0.257876 -0.684414 0.033905 1.820001 645 368 706 454
1.031028 -0.158811 0.234221 -0.687987 0.031653 1.800227 647 369 707 452
1.047402 -0.055947 0.196752 -0.697121 0.024721 1.799395 647 369 709 456
-1.372871 -0.218519 0.352050 -0.702995 0.015625 1.792959 648 370 708 454
-1.612353 -0.330545 0.356503 -0.703711 0.011689 1.792959 647 370 709 456
0.755647 -0.037744 0.431814 -0.704580 0.002306 1.792718 648 370 709 455
0.858731 -0.143129 0.402149 -0.704580 0.000608 1.792301 648 371 708 456
0.957313 -0.334595 0.244738 -0.704580 0.000197 1.792718 648 370 708 455
-0.254943 -0.013459 1.007776 -0.703711 0.000130 1.792718 648 371 708 456
0.785983 -0.204432 0.344506 -0.701092 0.000197 1.797407 648 370 709 456
0.352375 -0.326751 0.573414 -0.698889 0.000197 1.802876 647 371 708 456
-0.599390 -0.067542 1.165836 -0.698756 -0.004726 1.802593 648 370 708 456
0.832655 -0.275216 0.340019 -0.696015 -0.004726 1.802876 646 371 706 458
-0.160427 -0.361199 0.633327 -0.686018 -0.005462 1.802876 643 372 703 458
-1.716674 -0.260204 0.281352 -0.684662 -0.005626 1.802593 640 372 700 457
-2.206502 -0.143344 0.154306 -0.680008 -0.005684 1.797407 638 372 698 458
-0.024773 -0.375296 0.585894 -0.673895 -0.006744 1.802593 636 376 696 462
-1.927960 -0.311715 0.247509 -0.650191 -0.013408 1.802593 630 380 687 464
0.384762 -0.459855 0.464876 -0.649810 -0.044352 1.804094 630 381 680 470
-1.885196 -0.243227 0.312946 -0.648042 -0.070073 1.804094 618 382 678 467
-0.858193 -0.507505 0.475143 -0.648042 -0.080028 1.807667 614 388 672 466
0.454684 -0.478410 0.596402 -0.646362 -0.082777 1.829564 613 386 672 468
0.369054 -0.398116 0.505012 -0.642162 -0.089080 1.876466 613 387 670 468
-0.453015 -0.562244 0.482617 -0.641110 -0.089080 1.876466 614 387 670 468
-0.052567 -0.343525 0.395643 -0.641110 -0.089080 1.876466 617 386 667 468
0.303639 -0.385631 0.401180 -0.641110 -0.082777 1.876466 615 386 671 465
0.098390 -0.501580 0.356029 -0.646362 -0.076469 1.852452 618 384 677 468
-0.753927 -0.251247 0.239737 -0.646362 -0.068684 1.821664 620 380 680 464
0.535534 -0.343159 0.263751 -0.647140 -0.056545 1.798387 626 377 687 464
0.480769 -0.423940 0.196605 -0.647143 -0.056533 1.798384 629 374 690 459
0.369050 -0.165938 0.182092 -0.649249 0.004003 1.776032 637 368 700 456
0.746729 -0.336124 0.154997 -0.673587 0.009088 1.776032 642 368 701 454
0.517840 -0.334564 0.160568 -0.688123 0.027090 1.776032 644 364 702 446
0.029628 -0.202373 0.123232 -0.699446 0.060919 1.776032 642 361 700 439
0.720920 -0.317460 0.134794 -0.699446 0.080525 1.810995 640 359 696 438
0.544148 -0.298517 0.147162 -0.699446 0.080525 1.841719 635 358 689 433
0.344251 -0.135483 0.145833 -0.699446 0.080525 1.862505 634 355 684 435
0.686531 -0.322607 0.136646 -0.696358 0.080525 1.868377 631 357 678 434
0.586929 -0.336188 0.140014 -0.686111 0.071555 1.879155 625 358 674 436
0.549606 -0.219243 0.139531 -0.667100 0.066244 1.880068 619 360 668 439
0.831407 -0.346177 0.122085 -0.643281 0.064914 1.880068 617 363 666 441
0.776545 -0.381062 0.122592 -0.628507 0.062485 1.880068 616 364 665 443
0.724742 -0.298742 0.123110 -0.618037 0.062485 1.880068 615 365 664 445
0.876816 -0.385609 0.122682 -0.612988 0.049031 1.866442 614 369 664 452
0.825734 -0.443442 0.128503 -0.612987 0.049026 1.866438 614 370 663 451
0.876486 -0.422153 0.137485 -0.612987 0.049026 1.866437 614 369 664 453
0.850602 -0.423408 0.132054 -0.611067 0.015265 1.854772 615 370 664 456
0.794714 -0.503667 0.129127 -0.611067 0.006023 1.850418 615 368 665 456
0.824664 -0.474325 0.136330 -0.611067 0.005797 1.836465 616 370 666 457
0.707578 -0.440116 0.147449 -0.611067 0.002275 1.832488 616 372 666 457
0.674902 -0.559651 0.148116 -0.611067 0.000614 1.831113 616 372 667 460
0.657408 -0.480685 0.164492 -0.611067 -0.007652 1.826550 616 372 669 471
0.413075 -0.476451 0.174721 -0.611083 -0.020230 1.810859 617 374 669 471
0.393383 -0.629587 0.192083 -0.612394 -0.026667 1.790880 617 378 668 474
0.299573 -0.503421 0.235844 -0.616166 -0.041129 1.779231 618 380 668 475
0.090670 -0.459652 0.197243 -0.616166 -0.056638 1.759911 617 380 668 478
0.048318 -0.670015 0.220120 -0.609512 -0.063917 1.749301 614 387 666 488
-0.132151 -0.410665 0.264741 -0.608697 -0.077263 1.730587 611 389 663 490
-0.260157 -0.354613 0.200237 -0.598549 -0.083532 1.719187 605 392 659 496
-0.380586 -0.566271 0.225516 -0.595402 -0.085618 1.715160 601 392 656 498
-0.562684 -0.261957 0.205138 -0.594657 -0.088347 1.715160 598 392 652 500
-0.649862 -0.255475 0.153903 -0.592803 -0.088706 1.714381 597 393 651 502
-0.767113 -0.434633 0.166829 -0.592023 -0.093217 1.712573 597 392 649 503
-0.860540 -0.139644 0.131535 -0.589607 -0.096464 1.712573 596 392 649 502
-0.812608 -0.118044 0.112182 -0.589275 -0.096464 1.712573 596 393 649 504
-0.851042 -0.282817 0.134548 -0.584756 -0.096464 1.712573 595 392 649 504
-0.875263 -0.019227 0.104678 -0.579155 -0.096464 1.712573 595 392 648 505
-0.792646 0.005843 0.104977 -0.568527 -0.096464 1.711874 595 392 648 501
-0.797247 -0.115694 0.123710 -0.567012 -0.091324 1.711874 595 392 648 499
-0.812465 0.068349 0.096043 -0.566056 -0.088997 1.711360 595 392 646 498
-0.760719 0.095287 0.097382 -0.564289 -0.088502 1.710838 593 392 645 498
-0.743711 0.000784 0.116073 -0.564289 -0.088502 1.710778 592 393 644 500
-0.741310 0.108551 0.091861 -0.564634 -0.088997 1.710778 592 393 644 498
-0.729514 0.172359 0.097525 -0.560500 -0.091324 1.710778 591 394 643 498
-0.730747 0.058157 0.112333 -0.557224 -0.092772 1.710838 590 393 643 502
-0.686287 0.112365 0.093316 -0.557224 -0.093603 1.712828 589 394 641 500
-0.695655 0.175721 0.101166 -0.555671 -0.093603 1.714124 588 396 641 500
-0.658681 0.099397 0.112038 -0.555671 -0.096805 1.731908 586 396 639 503
-0.564305 0.105164 0.100305 -0.553987 -0.102827 1.733564 586 396 639 503
-0.593956 0.148334 0.106625 -0.553818 -0.104581 1.733854 585 397 638 504
-0.509448 0.063306 0.115723 -0.551471 -0.105313 1.738943 585 397 637 504
-0.388015 0.026199 0.097472 -0.553818 -0.108745 1.743090 582 394 632 506
-0.450679 0.087243 0.111247 -0.553120 -0.113044 1.753884 581 395 631 506
-0.320707 -0.009706 0.117684 -0.551471 -0.114812 1.774175 581 396 631 506
-0.244074 -0.056614 0.094440 -0.551471 -0.116762 1.777532 582 393 631 508
-0.347150 0.015687 0.106410 -0.550973 -0.116762 1.778835 582 392 632 507
-0.205110 -0.028418 0.100625 -0.549679 -0.116762 1.779364 586 389 635 509
-0.135838 -0.077634 0.088877 -0.549679 -0.116762 1.779364 587 390 636 506
-0.261159 -0.029115 0.102315 -0.547701 -0.115780 1.779364 588 389 636 508
